# columns = ['i', 'j', 'w', 'e', 'i', 'g', 'h', 't']
2.0	0.0	0.005
0.0	0.0	0.075
1.0	0.0	0.05
3.0	1.0	0.005
2.0	1.0	0.05
1.0	1.0	0.075
0.0	1.0	0.05
1.0	2.0	0.05
2.0	2.0	0.075
3.0	2.0	0.05
0.0	2.0	0.005
4.0	2.0	0.005
2.0	3.0	0.05
4.0	3.0	0.05
5.0	3.0	0.005
3.0	3.0	0.075
1.0	3.0	0.005
5.0	4.0	0.05
4.0	4.0	0.075
6.0	4.0	0.005
3.0	4.0	0.05
2.0	4.0	0.005
3.0	5.0	0.005
4.0	5.0	0.05
7.0	5.0	0.005
5.0	5.0	0.075
6.0	5.0	0.05
4.0	6.0	0.005
7.0	6.0	0.05
6.0	6.0	0.075
8.0	6.0	0.005
5.0	6.0	0.05
8.0	7.0	0.05
7.0	7.0	0.075
9.0	7.0	0.005
6.0	7.0	0.05
5.0	7.0	0.005
7.0	8.0	0.05
8.0	8.0	0.075
9.0	8.0	0.05
6.0	8.0	0.005
10.0	8.0	0.005
7.0	9.0	0.005
8.0	9.0	0.05
10.0	9.0	0.05
11.0	9.0	0.005
9.0	9.0	0.075
11.0	10.0	0.05
10.0	10.0	0.075
12.0	10.0	0.005
9.0	10.0	0.05
8.0	10.0	0.005
13.0	11.0	0.005
9.0	11.0	0.005
11.0	11.0	0.075
10.0	11.0	0.05
12.0	11.0	0.05
13.0	12.0	0.05
12.0	12.0	0.075
14.0	12.0	0.005
11.0	12.0	0.05
10.0	12.0	0.005
15.0	13.0	0.005
11.0	13.0	0.005
13.0	13.0	0.075
14.0	13.0	0.05
12.0	13.0	0.05
16.0	14.0	0.005
15.0	14.0	0.05
14.0	14.0	0.075
12.0	14.0	0.005
13.0	14.0	0.05
17.0	15.0	0.005
16.0	15.0	0.05
15.0	15.0	0.075
14.0	15.0	0.05
13.0	15.0	0.005
15.0	16.0	0.05
14.0	16.0	0.005
16.0	16.0	0.075
17.0	16.0	0.05
18.0	16.0	0.005
18.0	17.0	0.05
16.0	17.0	0.05
19.0	17.0	0.005
17.0	17.0	0.075
15.0	17.0	0.005
19.0	18.0	0.05
18.0	18.0	0.075
20.0	18.0	0.005
17.0	18.0	0.05
16.0	18.0	0.005
17.0	19.0	0.005
18.0	19.0	0.05
19.0	19.0	0.075
20.0	19.0	0.05
21.0	19.0	0.005
18.0	20.0	0.005
19.0	20.0	0.05
22.0	20.0	0.005
20.0	20.0	0.075
21.0	20.0	0.05
22.0	21.0	0.05
21.0	21.0	0.075
23.0	21.0	0.005
20.0	21.0	0.05
19.0	21.0	0.005
20.0	22.0	0.005
22.0	22.0	0.075
23.0	22.0	0.05
21.0	22.0	0.05
24.0	22.0	0.005
21.0	23.0	0.005
22.0	23.0	0.05
25.0	23.0	0.005
23.0	23.0	0.075
24.0	23.0	0.05
26.0	24.0	0.005
25.0	24.0	0.05
24.0	24.0	0.075
23.0	24.0	0.05
22.0	24.0	0.005
23.0	25.0	0.005
27.0	25.0	0.005
25.0	25.0	0.075
26.0	25.0	0.05
24.0	25.0	0.05
24.0	26.0	0.005
27.0	26.0	0.05
26.0	26.0	0.075
28.0	26.0	0.005
25.0	26.0	0.05
26.0	27.0	0.05
25.0	27.0	0.005
27.0	27.0	0.075
29.0	27.0	0.005
28.0	27.0	0.05
29.0	28.0	0.05
28.0	28.0	0.075
30.0	28.0	0.005
27.0	28.0	0.05
26.0	28.0	0.005
27.0	29.0	0.005
31.0	29.0	0.005
29.0	29.0	0.075
30.0	29.0	0.05
28.0	29.0	0.05
28.0	30.0	0.005
32.0	30.0	0.005
31.0	30.0	0.05
30.0	30.0	0.075
29.0	30.0	0.05
30.0	31.0	0.05
29.0	31.0	0.005
31.0	31.0	0.075
32.0	31.0	0.05
33.0	31.0	0.005
33.0	32.0	0.05
31.0	32.0	0.05
34.0	32.0	0.005
32.0	32.0	0.075
30.0	32.0	0.005
34.0	33.0	0.05
33.0	33.0	0.075
35.0	33.0	0.005
32.0	33.0	0.05
31.0	33.0	0.005
32.0	34.0	0.005
33.0	34.0	0.05
36.0	34.0	0.005
34.0	34.0	0.075
35.0	34.0	0.05
33.0	35.0	0.005
36.0	35.0	0.05
35.0	35.0	0.075
37.0	35.0	0.005
34.0	35.0	0.05
37.0	36.0	0.05
35.0	36.0	0.05
34.0	36.0	0.005
36.0	36.0	0.075
38.0	36.0	0.005
38.0	37.0	0.05
39.0	37.0	0.005
37.0	37.0	0.075
36.0	37.0	0.05
35.0	37.0	0.005
36.0	38.0	0.005
40.0	38.0	0.005
38.0	38.0	0.075
39.0	38.0	0.05
37.0	38.0	0.05
37.0	39.0	0.005
41.0	39.0	0.005
40.0	39.0	0.05
39.0	39.0	0.075
38.0	39.0	0.05
39.0	40.0	0.05
38.0	40.0	0.005
40.0	40.0	0.075
41.0	40.0	0.05
42.0	40.0	0.005
42.0	41.0	0.05
40.0	41.0	0.05
43.0	41.0	0.005
41.0	41.0	0.075
39.0	41.0	0.005
43.0	42.0	0.05
42.0	42.0	0.075
44.0	42.0	0.005
41.0	42.0	0.05
40.0	42.0	0.005
41.0	43.0	0.005
43.0	43.0	0.075
44.0	43.0	0.05
42.0	43.0	0.05
45.0	43.0	0.005
42.0	44.0	0.005
43.0	44.0	0.05
46.0	44.0	0.005
44.0	44.0	0.075
45.0	44.0	0.05
47.0	45.0	0.005
46.0	45.0	0.05
45.0	45.0	0.075
43.0	45.0	0.005
44.0	45.0	0.05
48.0	46.0	0.005
44.0	46.0	0.005
46.0	46.0	0.075
47.0	46.0	0.05
45.0	46.0	0.05
48.0	47.0	0.05
47.0	47.0	0.075
45.0	47.0	0.005
46.0	47.0	0.05
49.0	47.0	0.005
50.0	48.0	0.005
46.0	48.0	0.005
49.0	48.0	0.05
48.0	48.0	0.075
47.0	48.0	0.05
50.0	49.0	0.05
49.0	49.0	0.075
51.0	49.0	0.005
48.0	49.0	0.05
47.0	49.0	0.005
48.0	50.0	0.005
49.0	50.0	0.05
50.0	50.0	0.075
51.0	50.0	0.05
52.0	50.0	0.005
49.0	51.0	0.005
53.0	51.0	0.005
52.0	51.0	0.05
51.0	51.0	0.075
50.0	51.0	0.05
51.0	52.0	0.05
52.0	52.0	0.075
53.0	52.0	0.05
50.0	52.0	0.005
54.0	52.0	0.005
54.0	53.0	0.05
52.0	53.0	0.05
55.0	53.0	0.005
53.0	53.0	0.075
51.0	53.0	0.005
56.0	54.0	0.005
55.0	54.0	0.05
54.0	54.0	0.075
53.0	54.0	0.05
52.0	54.0	0.005
57.0	55.0	0.005
53.0	55.0	0.005
54.0	55.0	0.05
55.0	55.0	0.075
56.0	55.0	0.05
58.0	56.0	0.005
57.0	56.0	0.05
56.0	56.0	0.075
54.0	56.0	0.005
55.0	56.0	0.05
56.0	57.0	0.05
59.0	57.0	0.005
55.0	57.0	0.005
57.0	57.0	0.075
58.0	57.0	0.05
59.0	58.0	0.05
58.0	58.0	0.075
60.0	58.0	0.005
57.0	58.0	0.05
56.0	58.0	0.005
61.0	59.0	0.005
58.0	59.0	0.05
57.0	59.0	0.005
59.0	59.0	0.075
60.0	59.0	0.05
61.0	60.0	0.05
60.0	60.0	0.075
62.0	60.0	0.005
59.0	60.0	0.05
58.0	60.0	0.005
63.0	61.0	0.005
59.0	61.0	0.005
61.0	61.0	0.075
62.0	61.0	0.05
60.0	61.0	0.05
64.0	62.0	0.005
63.0	62.0	0.05
62.0	62.0	0.075
60.0	62.0	0.005
61.0	62.0	0.05
65.0	63.0	0.005
64.0	63.0	0.05
63.0	63.0	0.075
62.0	63.0	0.05
61.0	63.0	0.005
63.0	64.0	0.05
62.0	64.0	0.005
64.0	64.0	0.075
65.0	64.0	0.05
66.0	64.0	0.005
66.0	65.0	0.05
64.0	65.0	0.05
67.0	65.0	0.0017666335791115637
65.0	65.0	0.05
63.0	65.0	0.005
68.0	66.0	0.00499791727408836
67.0	66.0	0.048196667222095736
66.0	66.0	0.042786668888598486
65.0	66.0	0.05
64.0	66.0	0.005
65.0	67.0	0.005
67.0	67.0	0.046001666180700666
68.0	67.0	0.04819666722210163
66.0	67.0	0.034006664723020816
69.0	67.0	0.004997917274088354
66.0	68.0	0.018202461094850828
67.0	68.0	0.04819666722212186
70.0	68.0	0.0074166922917271155
68.0	68.0	0.046001666180702075
69.0	68.0	0.04819666722210154
71.0	69.0	0.007416692291727149
70.0	69.0	0.04600166618068151
69.0	69.0	0.04600166618070186
68.0	69.0	0.04819666722212187
67.0	69.0	0.0059995834547979816
68.0	70.0	0.007950833194444815
72.0	70.0	0.004997917274060352
70.0	70.0	0.04600166618068868
71.0	70.0	0.048196667222087715
69.0	70.0	0.046001666180709784
69.0	71.0	0.007950833194432029
72.0	71.0	0.048196667222072095
71.0	71.0	0.046001666180674076
73.0	71.0	0.004997917274044061
70.0	71.0	0.048196667222095216
71.0	72.0	0.04819666722209526
70.0	72.0	0.005999583454772656
72.0	72.0	0.04600166618067388
74.0	72.0	0.007416692291694628
73.0	72.0	0.048196667222072144
74.0	73.0	0.04600166618063271
73.0	73.0	0.04600166618065773
75.0	73.0	0.007416692291675586
72.0	73.0	0.04819666722207964
71.0	73.0	0.00599958345475805
72.0	74.0	0.007950833194402592
73.0	74.0	0.04600166618066565
76.0	74.0	0.004997917274006265
74.0	74.0	0.04600166618063988
75.0	74.0	0.04819666722203615
73.0	75.0	0.007950833194402625
76.0	75.0	0.048196667222036194
75.0	75.0	0.04600166618063969
77.0	75.0	0.004997917274006357
74.0	75.0	0.048196667222062735
77.0	76.0	0.04819666722201541
76.0	76.0	0.046001666180619925
78.0	76.0	0.0074166922916316744
75.0	76.0	0.048196667222043695
74.0	76.0	0.005999583454723847
76.0	77.0	0.048196667222043736
77.0	77.0	0.04600166618061997
78.0	77.0	0.04600166618059077
75.0	77.0	0.005999583454723656
79.0	77.0	0.007416692291631627
76.0	78.0	0.007950833194366685
77.0	78.0	0.0460016661806279
79.0	78.0	0.04819666722199218
80.0	78.0	0.00499791727396019
78.0	78.0	0.046001666180597936
80.0	79.0	0.04819666722196688
79.0	79.0	0.04600166618057366
81.0	79.0	0.00952021983558012
78.0	79.0	0.04819666722199978
77.0	79.0	0.007950833194345901
82.0	80.0	0.0050940752532526315
78.0	80.0	0.009186328652592822
81.0	80.0	0.04729500083286143
80.0	80.0	0.04700124963540291
79.0	80.0	0.04864750041647725
82.0	81.0	0.04819666722190079
83.0	81.0	0.0049979172738710545
81.0	81.0	0.042003332361064294
80.0	81.0	0.048196667221974424
79.0	81.0	0.005999583454657608
80.0	82.0	0.00828887051571312
81.0	82.0	0.047295000832891655
84.0	82.0	0.006101219839115387
82.0	82.0	0.04700124963534653
83.0	82.0	0.0486475004163851
81.0	83.0	0.00952021983558012
84.0	83.0	0.048196667221873095
83.0	83.0	0.046001666180484665
85.0	83.0	0.004997917273834847
82.0	83.0	0.04819666722191515
85.0	84.0	0.04819666722187308
83.0	84.0	0.04819666722191513
82.0	84.0	0.005999583454601424
84.0	84.0	0.046001666180484645
86.0	84.0	0.007416692291474629
86.0	85.0	0.04600166618040137
87.0	85.0	0.007416692291432519
85.0	85.0	0.046001666180448396
84.0	85.0	0.04819666722188063
83.0	85.0	0.005999583454568622
84.0	86.0	0.00795083319420358
88.0	86.0	0.004997917273750731
86.0	86.0	0.046001666180408546
87.0	86.0	0.04819666722179308
85.0	86.0	0.04600166618045633
85.0	87.0	0.010200966312291034
89.0	87.0	0.006028636192789428
88.0	87.0	0.04864750041627047
87.0	87.0	0.0470012496352376
86.0	87.0	0.04864750041632026
87.0	88.0	0.04819666722180063
86.0	88.0	0.005999583454492511
88.0	88.0	0.04600166618036417
89.0	88.0	0.0481966672217468
90.0	88.0	0.007416692291334788
90.0	89.0	0.046001666180308404
88.0	89.0	0.0481966672218005
91.0	89.0	0.007416692291334669
89.0	89.0	0.04600166618036449
87.0	89.0	0.005999583454492504
91.0	90.0	0.04819666722169524
90.0	90.0	0.04600166618031558
92.0	90.0	0.0049979172736480575
89.0	90.0	0.046001666180372415
88.0	90.0	0.00795083319412344
89.0	91.0	0.007950833194077267
91.0	91.0	0.04600166618026143
92.0	91.0	0.04819666722163878
90.0	91.0	0.0481966672217029
93.0	91.0	0.013612168407828265
90.0	92.0	0.005999583454399556
91.0	92.0	0.04819666722170277
94.0	92.0	0.0049979172734497005
92.0	92.0	0.04600166618026177
93.0	92.0	0.04459000166472563
95.0	93.0	0.006570009330942752
94.0	93.0	0.0481966672214172
93.0	93.0	0.03800499854040297
91.0	93.0	0.005999583454345381
92.0	93.0	0.048196667221646325
96.0	94.0	0.0049979172732803
92.0	94.0	0.005523968742104142
94.0	94.0	0.04600166618005619
95.0	94.0	0.04600166617996912
93.0	94.0	0.044590001664768855
96.0	95.0	0.04600166617988679
95.0	95.0	0.04600166617998278
93.0	95.0	0.014310079206361098
94.0	95.0	0.04600166618007129
97.0	95.0	0.007416692290891442
94.0	96.0	0.008235099227568453
98.0	96.0	0.008098898593872045
97.0	96.0	0.048647500415729523
96.0	96.0	0.047001249634723054
95.0	96.0	0.04700124963481978
99.0	97.0	0.004997917272953346
98.0	97.0	0.04600166617967979
97.0	97.0	0.04600166617979547
96.0	97.0	0.04819666722125967
95.0	97.0	0.007950833193675972
97.0	98.0	0.04600166617980339
96.0	98.0	0.007950833193582604
100.0	98.0	0.007416692290547731
98.0	98.0	0.04600166617968696
99.0	98.0	0.046001666179559635
97.0	99.0	0.005523968741637815
100.0	99.0	0.048196667220908304
99.0	99.0	0.04600166617956681
101.0	99.0	0.01000833194182862
98.0	99.0	0.04600166617969489
99.0	100.0	0.048196667221042044
101.0	100.0	0.04200333235870842
100.0	100.0	0.04600166617956693
102.0	100.0	0.006972201357839061
98.0	100.0	0.007950833193479296
100.0	101.0	0.046001666179574845
103.0	101.0	0.004997917272512005
101.0	101.0	0.04200333235872209
102.0	101.0	0.04819666722060801
99.0	101.0	0.007950833193364992
104.0	102.0	0.00741669228989551
100.0	102.0	0.007498414484230017
102.0	102.0	0.0460016661791256
103.0	102.0	0.048196667220444474
101.0	102.0	0.04639333444141489
102.0	103.0	0.048196667220622366
101.0	103.0	0.009520219833237704
103.0	103.0	0.04600166617912571
104.0	103.0	0.04600166617893933
105.0	103.0	0.004997917272134996
103.0	104.0	0.04600166617913362
105.0	104.0	0.046001666178741525
106.0	104.0	0.007416692289687456
104.0	104.0	0.04600166617894651
102.0	104.0	0.007950833192945308
106.0	105.0	0.04819666722004802
105.0	105.0	0.0460016661787487
107.0	105.0	0.007416692289457627
104.0	105.0	0.046001666178954424
103.0	105.0	0.005523968740968081
105.0	106.0	0.04819666722005568
104.0	106.0	0.007950833192586566
108.0	106.0	0.004997917271407349
106.0	106.0	0.04600166617852975
107.0	106.0	0.04600166617828095
108.0	107.0	0.04600166617801367
107.0	107.0	0.04600166617828812
105.0	107.0	0.007950833192378617
106.0	107.0	0.04600166617853766
109.0	107.0	0.0074166922889225
107.0	108.0	0.046001666178296034
106.0	108.0	0.005523968740372096
110.0	108.0	0.0074166922886122226
108.0	108.0	0.04600166617802084
109.0	108.0	0.04819666721928308
111.0	109.0	0.004997917270785708
110.0	109.0	0.04600166617771863
109.0	109.0	0.046001666178020956
108.0	109.0	0.04819666721957148
107.0	109.0	0.007950833192148678
108.0	110.0	0.007950833191894423
112.0	110.0	0.010008331937325154
110.0	110.0	0.0460016661777258
111.0	110.0	0.04600166617739216
109.0	110.0	0.04600166617802888
109.0	111.0	0.005523968739863318
113.0	111.0	0.004997917270026505
112.0	111.0	0.046393334436881185
111.0	111.0	0.04600166617739933
110.0	111.0	0.04600166617773373
111.0	112.0	0.04819666721863711
110.0	112.0	0.007950833191303274
112.0	112.0	0.042003332353678764
113.0	112.0	0.048196667217824625
114.0	112.0	0.006972201354592739
112.0	113.0	0.04639333443691141
115.0	113.0	0.007416692287007824
114.0	113.0	0.04600166617619259
113.0	113.0	0.04600166617664012
111.0	113.0	0.005523968739241684
115.0	114.0	0.04819666721736839
116.0	114.0	0.007416692286496174
114.0	114.0	0.04600166617619975
113.0	114.0	0.046001666176648054
112.0	114.0	0.010449247672532415
113.0	115.0	0.007950833190161934
114.0	115.0	0.04819666721737604
115.0	115.0	0.046001666175712726
116.0	115.0	0.046001666175167655
117.0	115.0	0.004997917267966668
114.0	116.0	0.010213696544272115
115.0	116.0	0.04700124963054976
118.0	116.0	0.00811608261023136
116.0	116.0	0.04700124963000393
117.0	116.0	0.04700124962940206
118.0	117.0	0.048196667215665956
117.0	117.0	0.04600166617458013
119.0	117.0	0.007416692284614695
116.0	117.0	0.04600166617518276
115.0	117.0	0.00552396873755508
116.0	118.0	0.007950833189187226
118.0	118.0	0.046001666174580236
119.0	118.0	0.04600166617391605
117.0	118.0	0.048196667216298575
120.0	118.0	0.004997917266583253
117.0	119.0	0.007950833188621512
118.0	119.0	0.04600166617458817
121.0	119.0	0.007416692283851222
119.0	119.0	0.04600166617392323
120.0	119.0	0.0460016661731897
122.0	120.0	0.010008331926248405
121.0	120.0	0.0481966672142118
120.0	120.0	0.04600166617319688
119.0	120.0	0.04600166617393115
118.0	120.0	0.005523968736422599
119.0	121.0	0.007950833187305741
123.0	121.0	0.006972201348629189
121.0	121.0	0.04600166617239427
122.0	121.0	0.04200333234202048
120.0	121.0	0.04819666721421922
120.0	122.0	0.007950833186542156
123.0	122.0	0.04819666721139815
122.0	122.0	0.04200333234203414
124.0	122.0	0.0049979172628299385
121.0	122.0	0.0460016661724022
122.0	123.0	0.04639333442583469
121.0	123.0	0.007498414477533505
125.0	123.0	0.0074166922799054225
123.0	123.0	0.04600166617052703
124.0	123.0	0.048196667211404844
124.0	124.0	0.0460016661694434
126.0	124.0	0.004997917260309292
125.0	124.0	0.046001666168238996
123.0	124.0	0.048196667211412504
122.0	124.0	0.009520219816550102
123.0	125.0	0.01021369653830855
124.0	125.0	0.04700124962428042
127.0	125.0	0.008116082602181392
125.0	125.0	0.04700124962307525
126.0	125.0	0.04700124962174468
124.0	126.0	0.005523968731285767
128.0	126.0	0.007416692275718111
127.0	126.0	0.04819666720761602
126.0	126.0	0.04600166616692276
125.0	126.0	0.04600166616825408
126.0	127.0	0.04819666720901467
125.0	127.0	0.00795083318259647
127.0	127.0	0.046001666166922854
128.0	127.0	0.046001666165453356
129.0	127.0	0.004997917257230513
129.0	128.0	0.046001666163836975
127.0	128.0	0.046001666166930785
130.0	128.0	0.007416692274018966
128.0	128.0	0.046001666165460524
126.0	128.0	0.007950833181337604
130.0	129.0	0.04819666720437956
129.0	129.0	0.04600166616384415
131.0	129.0	0.007416692272141015
128.0	129.0	0.04600166616546844
127.0	129.0	0.0055239687287652346
128.0	130.0	0.00795083317840916
129.0	130.0	0.04819666720438699
132.0	130.0	0.004997917251288524
130.0	130.0	0.04600166616205791
131.0	130.0	0.046001666160076504
129.0	131.0	0.007950833176709913
132.0	131.0	0.046001666157894895
131.0	131.0	0.04600166616008368
133.0	131.0	0.004997917248877288
130.0	131.0	0.046001666162065837
133.0	132.0	0.04600166615548359
131.0	132.0	0.04600166616009161
130.0	132.0	0.005523968723900274
132.0	132.0	0.04600166615790207
134.0	132.0	0.004997917246212565
134.0	133.0	0.046001666152818935
135.0	133.0	0.004997917243267487
133.0	133.0	0.04600166615549076
132.0	133.0	0.046001666157909994
131.0	133.0	0.00552396872192604
132.0	134.0	0.008247208580933226
136.0	134.0	0.00811608258426584
134.0	134.0	0.0470012496076552
135.0	134.0	0.04700124960470288
133.0	134.0	0.047001249610327776
133.0	135.0	0.005523968717333128
137.0	135.0	0.0049979172400127754
136.0	135.0	0.04819666718970046
135.0	135.0	0.046001666149880965
134.0	135.0	0.04600166615283404
135.0	136.0	0.04819666719280401
134.0	136.0	0.007950833167928465
136.0	136.0	0.04600166614988107
137.0	136.0	0.048196667189700566
138.0	136.0	0.004997917240012728
138.0	137.0	0.048196667186278956
136.0	137.0	0.048196667189708005
139.0	137.0	0.007416692252136759
137.0	137.0	0.046001666146626326
135.0	137.0	0.005999583423964934
140.0	138.0	0.00741669225213686
139.0	138.0	0.04600166614302208
138.0	138.0	0.04600166614662642
137.0	138.0	0.048196667189708116
136.0	138.0	0.005999583423965041
138.0	139.0	0.046001666146634354
137.0	139.0	0.00795083316203104
139.0	139.0	0.046001666143029245
140.0	139.0	0.04819666718249744
141.0	139.0	0.0050062215581685695
138.0	140.0	0.007950833158609413
139.0	140.0	0.04819666718250488
142.0	140.0	0.003529518016851423
140.0	140.0	0.04600166613905389
141.0	140.0	0.04639333448732561
143.0	141.0	0.00047561471762315753
142.0	141.0	0.03938500255688328
141.0	141.0	0.04200333240673245
139.0	141.0	0.005999583417113216
140.0	141.0	0.04819666718250498
144.0	142.0	0.00047561471818751447
140.0	142.0	0.005999583413137859
142.0	142.0	0.03200749786328005
143.0	142.0	0.04118833533565461
141.0	142.0	0.046393334491870934
144.0	143.0	0.04164075406258811
143.0	143.0	0.03648144641125017
141.0	143.0	0.0050062215581685695
142.0	143.0	0.039385002567471024
145.0	143.0	0.001725723092719936
146.0	144.0	0.0012953691138198652
142.0	144.0	0.003529518016851423
145.0	144.0	0.035494206297568304
144.0	144.0	0.03648144641825373
143.0	144.0	0.041188335347336825
146.0	145.0	0.042420528589278444
147.0	145.0	0.0016477131691029813
145.0	145.0	0.028211335053692662
144.0	145.0	0.04164075406936524
143.0	145.0	0.00047561471762315753
144.0	146.0	0.00047561471818751447
145.0	146.0	0.035494206313325796
148.0	146.0	0.0016477131724918143
146.0	146.0	0.037301200837560645
147.0	146.0	0.040225527561724775
145.0	147.0	0.0018142028077251001
148.0	147.0	0.03984854595785827
147.0	147.0	0.040225527571830975
149.0	147.0	0.0019665272620756
146.0	147.0	0.03730120084717508
149.0	148.0	0.043058954015264966
148.0	148.0	0.040560687616821085
150.0	148.0	0.0022550021804685783
147.0	148.0	0.039848545954476844
146.0	148.0	0.0021746944924820643
148.0	149.0	0.03984854596959923
149.0	149.0	0.037972359030740324
150.0	149.0	0.043058954035157596
147.0	149.0	0.0017321932297960948
151.0	149.0	0.0022550021905958723
148.0	150.0	0.0020673532636247723
149.0	150.0	0.04305895402890478
151.0	150.0	0.041138358846358525
152.0	150.0	0.0025160250959275015
150.0	150.0	0.038260833963464747
152.0	151.0	0.04159336318704597
151.0	151.0	0.04146001888862221
153.0	151.0	0.0039053982372019083
150.0	151.0	0.043514999774184174
149.0	151.0	0.0019665272620756
154.0	152.0	0.004129861447618787
150.0	152.0	0.0022550021804685783
152.0	152.0	0.04172060395961169
151.0	152.0	0.041593568063370064
153.0	152.0	0.039761311828751277
154.0	153.0	0.04426047641044145
153.0	153.0	0.03976112036758732
155.0	153.0	0.0029659159062873854
152.0	153.0	0.04172040268202511
151.0	153.0	0.002702780796866487
156.0	154.0	0.002965915922868747
152.0	154.0	0.0026450244611052804
154.0	154.0	0.03875804028926281
155.0	154.0	0.041611316163488836
153.0	154.0	0.04358165265204082
157.0	155.0	0.0031592864759959296
156.0	155.0	0.04116674889993583
155.0	155.0	0.041611316190948044
153.0	155.0	0.003335818431757273
154.0	155.0	0.0387580403153839
158.0	156.0	0.006857806559950794
157.0	156.0	0.044193541920187415
156.0	156.0	0.0418146010805345
155.0	156.0	0.041166748883361866
154.0	156.0	0.003560482941270979
156.0	157.0	0.04116674893183807
155.0	157.0	0.003117981666561812
157.0	157.0	0.03916511847880414
158.0	157.0	0.042390209496783446
159.0	157.0	0.0033342554421185067
159.0	158.0	0.04435997763908065
157.0	158.0	0.04419354195725132
160.0	158.0	0.0034925738752402324
158.0	158.0	0.03534175388691861
156.0	158.0	0.003321266525809159
160.0	159.0	0.04435997776994737
159.0	159.0	0.03934008757451757
161.0	159.0	0.006652785118423082
158.0	159.0	0.04239020958302805
157.0	159.0	0.0031592864759959296
158.0	160.0	0.006857806559950794
159.0	160.0	0.04435997773437663
160.0	160.0	0.03949840606022444
161.0	160.0	0.040960748342411805
162.0	160.0	0.003765446565925612
159.0	161.0	0.0033342554421185067
160.0	161.0	0.04435997782523651
163.0	161.0	0.0037654466496851034
161.0	161.0	0.03313839825950282
162.0	161.0	0.04464684112655355
163.0	162.0	0.04257513874948302
162.0	162.0	0.03977127894423698
164.0	162.0	0.0038827318776750485
161.0	162.0	0.04096074847103606
160.0	162.0	0.0034925738752402324
161.0	163.0	0.007280743724823328
163.0	163.0	0.04257513883196066
164.0	163.0	0.04208356546253657
162.0	163.0	0.039771279022693236
165.0	163.0	0.003988855997250074
162.0	164.0	0.004401006533860761
163.0	164.0	0.04196628023455395
166.0	164.0	0.003988856083271951
164.0	164.0	0.04257513899165973
165.0	164.0	0.04488170535332945
167.0	165.0	0.004084881209155846
166.0	165.0	0.044982653836960644
165.0	165.0	0.03999468874241984
164.0	165.0	0.04208356555836112
163.0	165.0	0.004081803729422575
164.0	166.0	0.004081803797977565
168.0	166.0	0.004084881322269031
166.0	166.0	0.03999468894547309
167.0	166.0	0.042787653076074364
165.0	166.0	0.04488170546466047
165.0	167.0	0.0046358704827080665
168.0	167.0	0.04228571549815432
167.0	167.0	0.04278765321205235
169.0	167.0	0.004171768515731102
166.0	167.0	0.03999468907482045
167.0	168.0	0.04228571538504868
166.0	168.0	0.004736818877677645
168.0	168.0	0.042878995269842575
170.0	168.0	0.004250387276592946
169.0	168.0	0.04515664615589944
170.0	169.0	0.045156646498313885
171.0	169.0	0.004250387533597175
169.0	169.0	0.04017760198277925
168.0	169.0	0.042285715656137396
167.0	169.0	0.004294317547315062
168.0	170.0	0.004385659454834296
169.0	170.0	0.04515664633944837
172.0	170.0	0.004321524797567788
170.0	170.0	0.04025622093659254
171.0	170.0	0.0430364302720058
169.0	171.0	0.004910810738389979
172.0	171.0	0.04252235994788667
171.0	171.0	0.043036430496190936
173.0	171.0	0.004385892620763592
170.0	171.0	0.04025622114984514
173.0	172.0	0.04529910029863427
172.0	172.0	0.04303643095135742
174.0	172.0	0.012000648855534379
171.0	172.0	0.04245122268392384
170.0	172.0	0.0049108109346261645
172.0	173.0	0.04252236020835183
173.0	173.0	0.04039172727798767
174.0	173.0	0.04175367026355573
171.0	173.0	0.004543093904543645
175.0	173.0	0.00472739349983858
172.0	174.0	0.004543094111955239
173.0	174.0	0.0452991006012504
175.0	174.0	0.04264497250820893
176.0	174.0	0.004727394168619342
174.0	174.0	0.03239506650055756
176.0	175.0	0.04050267257929815
175.0	175.0	0.04322073202817413
177.0	175.0	0.004544521810896859
174.0	175.0	0.041753670967640155
173.0	175.0	0.004385892620763592
178.0	176.0	0.004822884055339968
174.0	176.0	0.013277163619178111
177.0	176.0	0.04274536057594861
176.0	176.0	0.040502673578393836
175.0	176.0	0.04322073297854544
178.0	177.0	0.0427453617805514
179.0	177.0	0.004822884716812307
177.0	177.0	0.043270865066112996
176.0	177.0	0.04541573524011717
175.0	177.0	0.004444136139890179
176.0	178.0	0.004496836434403832
177.0	178.0	0.042745361216578556
180.0	178.0	0.004863928409755281
178.0	178.0	0.04331622536827425
179.0	178.0	0.04278850996727821
177.0	179.0	0.0047775244266462695
180.0	179.0	0.040593510778369105
179.0	179.0	0.04331622677404389
181.0	179.0	0.004626713075816327
178.0	179.0	0.04274536248855618
181.0	180.0	0.042827555792392204
179.0	180.0	0.04331622759662726
178.0	180.0	0.00454452237487681
180.0	180.0	0.040593511643126086
182.0	180.0	0.0049010675919843455
182.0	181.0	0.04286288347774572
183.0	181.0	0.004934671536464124
181.0	181.0	0.04339441138277671
180.0	181.0	0.04555227324005872
179.0	181.0	0.004587669853606686
180.0	182.0	0.004587670923649433
184.0	182.0	0.004934673434105307
182.0	182.0	0.04339441349593429
183.0	182.0	0.04286288569924728
181.0	182.0	0.042827556848607534
181.0	183.0	0.00490106658918744
185.0	183.0	0.004722931697955968
184.0	183.0	0.040699851759541834
183.0	183.0	0.04342801866755204
182.0	183.0	0.042862884645043384
183.0	184.0	0.04342802002375761
182.0	184.0	0.004662039704962394
184.0	184.0	0.040699853185280396
185.0	184.0	0.040728779888082746
186.0	184.0	0.004992595057574338
186.0	185.0	0.04568094957223153
184.0	185.0	0.04069985476096518
187.0	185.0	0.004749105184716991
185.0	185.0	0.040728781629482166
183.0	185.0	0.004934671536464124
188.0	186.0	0.0047491083501187865
186.0	186.0	0.04072878522894353
187.0	186.0	0.04568095355220933
185.0	186.0	0.04565343609888443
184.0	186.0	0.0053771775849338005
185.0	187.0	0.004722931697955968
187.0	187.0	0.04075495916772062
188.0	187.0	0.04351085172778942
186.0	187.0	0.04568095159544821
189.0	187.0	0.005040022607271482
186.0	188.0	0.005435100223382072
187.0	188.0	0.0407549615183622
190.0	188.0	0.005060408375489277
188.0	188.0	0.04351085419894983
189.0	188.0	0.045728386583329936
191.0	189.0	0.005060411813121147
190.0	189.0	0.042995088134599395
189.0	189.0	0.04077865342419305
187.0	189.0	0.005435102592009231
188.0	189.0	0.04294996832301854
192.0	190.0	0.005078859395837193
188.0	190.0	0.005017493995340696
190.0	190.0	0.043553777664126464
191.0	190.0	0.04301448214045127
189.0	190.0	0.04572838960161084
192.0	191.0	0.040819490535529246
191.0	191.0	0.043553784788286073
189.0	191.0	0.0047727916216331115
190.0	191.0	0.042995091641340286
193.0	191.0	0.004831166984667799
190.0	192.0	0.004794222117613286
194.0	192.0	0.00509555817246509
193.0	192.0	0.04303204940065579
192.0	192.0	0.040819494818670206
191.0	192.0	0.04355378886253687
195.0	193.0	0.005110662748921321
194.0	193.0	0.04304793251532306
193.0	193.0	0.04358893953695478
192.0	193.0	0.04576724198938968
191.0	193.0	0.0048136126167318705
193.0	194.0	0.04303205463209473
192.0	194.0	0.0048136181776799155
196.0	194.0	0.0051106724831189035
194.0	194.0	0.04358895020055184
195.0	194.0	0.04304794372565466
193.0	195.0	0.005095553008520918
196.0	195.0	0.04086732082224881
195.0	195.0	0.04360406085506403
197.0	195.0	0.004874428573733125
194.0	195.0	0.043047938296956446
195.0	196.0	0.043604067572362855
197.0	196.0	0.04307534325853542
196.0	196.0	0.04086732788394976
198.0	196.0	0.0051367164131580515
194.0	196.0	0.004847044867903907
196.0	197.0	0.041866778852799505
199.0	197.0	0.004886204820166155
197.0	197.0	0.044074774636594094
198.0	197.0	0.04408080005657846
195.0	197.0	0.005110662748921321
200.0	198.0	0.004886220164164124
196.0	198.0	0.00736138203078308
198.0	198.0	0.04407477354161156
199.0	198.0	0.04408079903390903
197.0	198.0	0.044068438709094986
198.0	199.0	0.04408079962714636
197.0	199.0	0.004936537296294379
199.0	199.0	0.04408653161057565
200.0	199.0	0.04628698443517182
201.0	199.0	0.005381855278568672
199.0	200.0	0.043630176513482465
201.0	200.0	0.04090285156011505
202.0	200.0	0.0051580895345425684
200.0	200.0	0.04089217414259964
198.0	200.0	0.004874436718121059
203.0	201.0	0.004906542242876808
202.0	201.0	0.045846581907276474
201.0	201.0	0.04090286578062717
200.0	201.0	0.040892187009852546
199.0	201.0	0.005136725898413877
204.0	202.0	0.00491528047594073
201.0	202.0	0.045846566969737906
200.0	202.0	0.005590452607903653
202.0	202.0	0.04091252332173979
203.0	202.0	0.04585577306513864
205.0	203.0	0.0051756116847326075
204.0	203.0	0.04366081840762189
203.0	203.0	0.04091255639411468
201.0	203.0	0.00489688471444169
202.0	203.0	0.04584659842915364
206.0	204.0	0.005183147893485515
205.0	204.0	0.04586418132087455
204.0	204.0	0.043660838587486185
203.0	204.0	0.04091257558979648
202.0	204.0	0.005600622763722823
204.0	205.0	0.04311633607876306
203.0	205.0	0.00560980076302455
205.0	205.0	0.040929272131368453
206.0	205.0	0.04313146774773531
207.0	205.0	0.005189961320323597
207.0	206.0	0.04313152373391661
205.0	206.0	0.04586420596861523
208.0	206.0	0.0051900102799421555
206.0	206.0	0.04367676837591599
204.0	206.0	0.00516729229493787
208.0	207.0	0.040943054695141715
207.0	207.0	0.043683611907562786
209.0	207.0	0.004942784343464844
206.0	207.0	0.043131496384323224
205.0	207.0	0.0049231941243073635
206.0	208.0	0.004930362787822313
207.0	208.0	0.04368364517853037
208.0	208.0	0.04094308967194711
209.0	208.0	0.04314402322041288
210.0	208.0	0.0052018042968833
207.0	209.0	0.004930390137422908
208.0	209.0	0.04587873194964861
211.0	209.0	0.0052018518696599885
209.0	209.0	0.04368996758144294
210.0	209.0	0.04314410684371287
211.0	210.0	0.04314948337175926
210.0	210.0	0.04369561047351927
212.0	210.0	0.00520695925139759
209.0	210.0	0.04314406594117826
208.0	210.0	0.004936890491742158
209.0	211.0	0.005196206315904539
211.0	211.0	0.043695707680735246
212.0	211.0	0.04095461146657478
210.0	211.0	0.04314415405745957
213.0	211.0	0.004953102349748347
210.0	212.0	0.004942825246006975
211.0	212.0	0.04369576253528206
214.0	212.0	0.005211672667101571
212.0	212.0	0.0409546691335732
213.0	212.0	0.043154604739317634
215.0	213.0	0.00521586677128871
214.0	213.0	0.043159069216004355
213.0	213.0	0.04370563985497176
212.0	213.0	0.04589593158206312
211.0	213.0	0.0049481545603146234
212.0	214.0	0.004948231517288266
216.0	214.0	0.005216000508228002
214.0	214.0	0.043705785001724624
215.0	214.0	0.04315922180459064
213.0	214.0	0.043154675173947325
213.0	215.0	0.005211601566231209
216.0	215.0	0.04096834881575666
215.0	215.0	0.043710060939267374
217.0	215.0	0.004965303425849652
214.0	215.0	0.04315914705830792
215.0	216.0	0.04371015137912036
214.0	216.0	0.004957496391813109
216.0	216.0	0.040968443892558895
218.0	216.0	0.005223367148091428
217.0	216.0	0.04316724027428262
219.0	217.0	0.004968880516614898
217.0	217.0	0.04371437499911927
218.0	217.0	0.04316746807743252
216.0	217.0	0.045905386108948835
215.0	217.0	0.004957571138103161
216.0	218.0	0.004961613161637143
218.0	218.0	0.04371798425189936
219.0	218.0	0.04372144174611441
217.0	218.0	0.043167356401349895
220.0	218.0	0.005229783005999912
217.0	219.0	0.004965303425849652
218.0	219.0	0.0437181191723018
221.0	219.0	0.004975007300437449
219.0	219.0	0.04372159085621784
220.0	219.0	0.043724848932433634
222.0	220.0	0.005232925024484635
221.0	220.0	0.046367097406910855
220.0	220.0	0.04417075276751026
218.0	220.0	0.0049654151019397335
219.0	220.0	0.04416785405872102
223.0	221.0	0.004980386049578442
219.0	221.0	0.005226689721919146
221.0	221.0	0.041978374919497095
222.0	221.0	0.044175749487237605
220.0	221.0	0.04417209789095595
223.0	222.0	0.04417789644992168
222.0	222.0	0.04417574947057921
220.0	222.0	0.005248753720423975
221.0	222.0	0.04197837490198576
224.0	222.0	0.005459835779155747
225.0	223.0	0.031825907541591265
221.0	223.0	0.005673013192043493
224.0	223.0	0.04099000317375252
223.0	223.0	0.04373222548449827
222.0	223.0	0.04372911433541441
225.0	224.0	0.031825907541591265
224.0	224.0	0.040990352038727036
226.0	224.0	0.00954151639664488
223.0	224.0	0.0437325573351283
222.0	224.0	0.005232925024484635
223.0	225.0	0.004980386049578442
224.0	225.0	0.045930462275896144
225.0	225.0	0.02913226440559997
226.0	225.0	0.03701875900709829
227.0	225.0	0.005254126542267633
224.0	226.0	0.005250526177366852
228.0	226.0	0.00954438325757998
227.0	226.0	0.04594884849750539
226.0	226.0	0.03701988563573651
225.0	226.0	0.02913226440559997
226.0	227.0	0.03702626510622685
227.0	227.0	0.045955555050396994
228.0	227.0	0.04417753266480564
225.0	227.0	0.02913226440559997
229.0	227.0	0.009057495673584335
229.0	228.0	0.04144818739530681
227.0	228.0	0.041018697327517915
230.0	228.0	0.013847245366892183
228.0	228.0	0.03704498936536334
226.0	228.0	0.00954151639664488
231.0	229.0	0.01330008869592112
229.0	229.0	0.03980811150537184
230.0	229.0	0.033111894373226765
228.0	229.0	0.044184158716352825
227.0	229.0	0.005254126542267633
232.0	230.0	0.025069249470401057
228.0	230.0	0.00850684844081469
229.0	230.0	0.04145520816257562
230.0	230.0	0.04244873263061202
231.0	230.0	0.03590819119935431
233.0	231.0	0.012299827626552046
232.0	231.0	0.02510251078492222
231.0	231.0	0.03591515918597983
229.0	231.0	0.008996247859002108
230.0	231.0	0.042455037525651926
231.0	232.0	0.03592366990406307
230.0	232.0	0.013847245366892183
232.0	232.0	0.025176035705807568
233.0	232.0	0.03524998719388311
234.0	232.0	0.012607409454359696
235.0	233.0	0.012302263603615263
232.0	233.0	0.025317942518931432
231.0	233.0	0.013150394575825139
233.0	233.0	0.03531622617738161
234.0	233.0	0.033827895093205614
232.0	234.0	0.023846607746394317
233.0	234.0	0.03431634027426146
236.0	234.0	0.048176121355803986
235.0	234.0	0.034390106093786
234.0	234.0	0.04278174580067118
235.0	235.0	0.036217159811470355
236.0	235.0	0.05
237.0	235.0	0.005
233.0	235.0	0.012299827626552046
234.0	235.0	0.033924087073342386
235.0	236.0	0.03439010609387924
234.0	236.0	0.013854322925430698
238.0	236.0	0.005
236.0	236.0	0.048176121355803986
237.0	236.0	0.05
238.0	237.0	0.05
237.0	237.0	0.05
235.0	237.0	0.022613439122579255
236.0	237.0	0.026185030798719564
239.0	237.0	0.005
237.0	238.0	0.05
236.0	238.0	0.024292271490932157
240.0	238.0	0.005
238.0	238.0	0.05
239.0	238.0	0.05
241.0	239.0	0.005
239.0	239.0	0.075
240.0	239.0	0.05
238.0	239.0	0.05
237.0	239.0	0.005
238.0	240.0	0.005
242.0	240.0	0.005
239.0	240.0	0.05
240.0	240.0	0.075
241.0	240.0	0.05
239.0	241.0	0.005
243.0	241.0	0.005
241.0	241.0	0.075
242.0	241.0	0.05
240.0	241.0	0.05
241.0	242.0	0.05
240.0	242.0	0.005
242.0	242.0	0.075
243.0	242.0	0.05
244.0	242.0	0.005
242.0	243.0	0.05
245.0	243.0	0.005
243.0	243.0	0.075
244.0	243.0	0.05
241.0	243.0	0.005
246.0	244.0	0.005
244.0	244.0	0.075
245.0	244.0	0.05
242.0	244.0	0.005
243.0	244.0	0.05
244.0	245.0	0.05
243.0	245.0	0.005
247.0	245.0	0.005
245.0	245.0	0.075
246.0	245.0	0.05
244.0	246.0	0.005
247.0	246.0	0.05
246.0	246.0	0.075
248.0	246.0	0.005
245.0	246.0	0.05
248.0	247.0	0.05
246.0	247.0	0.05
245.0	247.0	0.005
247.0	247.0	0.075
249.0	247.0	0.005
248.0	248.0	0.075
249.0	248.0	0.05
247.0	248.0	0.05
246.0	248.0	0.005
247.0	249.0	0.005
248.0	249.0	0.05
249.0	249.0	0.075
248.0	250.0	0.005
249.0	250.0	0.05
