# columns = ['i', 'j', 'w', 'e', 'i', 'g', 'h', 't']
2.0	0.0	0.005
0.0	0.0	0.075
1.0	0.0	0.05
3.0	1.0	0.005
2.0	1.0	0.05
1.0	1.0	0.075
0.0	1.0	0.05
1.0	2.0	0.05
2.0	2.0	0.075
3.0	2.0	0.05
0.0	2.0	0.005
4.0	2.0	0.005
2.0	3.0	0.05
4.0	3.0	0.05
5.0	3.0	0.005
3.0	3.0	0.075
1.0	3.0	0.005
5.0	4.0	0.05
4.0	4.0	0.075
6.0	4.0	0.005
3.0	4.0	0.05
2.0	4.0	0.005
3.0	5.0	0.005
4.0	5.0	0.05
7.0	5.0	0.005
5.0	5.0	0.075
6.0	5.0	0.05
4.0	6.0	0.005
7.0	6.0	0.05
6.0	6.0	0.075
8.0	6.0	0.005
5.0	6.0	0.05
8.0	7.0	0.05
7.0	7.0	0.075
9.0	7.0	0.005
6.0	7.0	0.05
5.0	7.0	0.005
7.0	8.0	0.05
8.0	8.0	0.075
9.0	8.0	0.05
6.0	8.0	0.005
10.0	8.0	0.005
7.0	9.0	0.005
8.0	9.0	0.05
10.0	9.0	0.05
11.0	9.0	0.005
9.0	9.0	0.075
11.0	10.0	0.05
10.0	10.0	0.075
12.0	10.0	0.005
9.0	10.0	0.05
8.0	10.0	0.005
13.0	11.0	0.005
9.0	11.0	0.005
11.0	11.0	0.075
10.0	11.0	0.05
12.0	11.0	0.05
13.0	12.0	0.05
12.0	12.0	0.075
14.0	12.0	0.005
11.0	12.0	0.05
10.0	12.0	0.005
15.0	13.0	0.005
11.0	13.0	0.005
13.0	13.0	0.075
14.0	13.0	0.05
12.0	13.0	0.05
16.0	14.0	0.005
15.0	14.0	0.05
14.0	14.0	0.075
12.0	14.0	0.005
13.0	14.0	0.05
17.0	15.0	0.005
16.0	15.0	0.05
15.0	15.0	0.075
14.0	15.0	0.05
13.0	15.0	0.005
15.0	16.0	0.05
14.0	16.0	0.005
16.0	16.0	0.075
17.0	16.0	0.05
18.0	16.0	0.005
18.0	17.0	0.05
16.0	17.0	0.05
19.0	17.0	0.005
17.0	17.0	0.075
15.0	17.0	0.005
19.0	18.0	0.05
18.0	18.0	0.075
20.0	18.0	0.005
17.0	18.0	0.05
16.0	18.0	0.005
17.0	19.0	0.005
18.0	19.0	0.05
19.0	19.0	0.075
20.0	19.0	0.05
21.0	19.0	0.005
18.0	20.0	0.005
19.0	20.0	0.05
22.0	20.0	0.005
20.0	20.0	0.075
21.0	20.0	0.05
22.0	21.0	0.05
21.0	21.0	0.075
23.0	21.0	0.005
20.0	21.0	0.05
19.0	21.0	0.005
20.0	22.0	0.005
22.0	22.0	0.075
23.0	22.0	0.05
21.0	22.0	0.05
24.0	22.0	0.005
21.0	23.0	0.005
22.0	23.0	0.05
25.0	23.0	0.005
23.0	23.0	0.075
24.0	23.0	0.05
26.0	24.0	0.005
25.0	24.0	0.05
24.0	24.0	0.075
23.0	24.0	0.05
22.0	24.0	0.005
23.0	25.0	0.005
27.0	25.0	0.005
25.0	25.0	0.075
26.0	25.0	0.05
24.0	25.0	0.05
24.0	26.0	0.005
27.0	26.0	0.05
26.0	26.0	0.075
28.0	26.0	0.005
25.0	26.0	0.05
26.0	27.0	0.05
25.0	27.0	0.005
27.0	27.0	0.075
29.0	27.0	0.005
28.0	27.0	0.05
29.0	28.0	0.05
28.0	28.0	0.075
30.0	28.0	0.005
27.0	28.0	0.05
26.0	28.0	0.005
27.0	29.0	0.005
31.0	29.0	0.005
29.0	29.0	0.075
30.0	29.0	0.05
28.0	29.0	0.05
28.0	30.0	0.005
32.0	30.0	0.005
31.0	30.0	0.05
30.0	30.0	0.075
29.0	30.0	0.05
30.0	31.0	0.05
29.0	31.0	0.005
31.0	31.0	0.075
32.0	31.0	0.05
33.0	31.0	0.005
33.0	32.0	0.05
31.0	32.0	0.05
34.0	32.0	0.005
32.0	32.0	0.075
30.0	32.0	0.005
34.0	33.0	0.05
33.0	33.0	0.075
35.0	33.0	0.005
32.0	33.0	0.05
31.0	33.0	0.005
32.0	34.0	0.005
33.0	34.0	0.05
36.0	34.0	0.005
34.0	34.0	0.075
35.0	34.0	0.05
33.0	35.0	0.005
36.0	35.0	0.05
35.0	35.0	0.075
37.0	35.0	0.005
34.0	35.0	0.05
37.0	36.0	0.05
35.0	36.0	0.05
34.0	36.0	0.005
36.0	36.0	0.075
38.0	36.0	0.005
38.0	37.0	0.05
39.0	37.0	0.005
37.0	37.0	0.075
36.0	37.0	0.05
35.0	37.0	0.005
36.0	38.0	0.005
40.0	38.0	0.005
38.0	38.0	0.075
39.0	38.0	0.05
37.0	38.0	0.05
37.0	39.0	0.005
41.0	39.0	0.005
40.0	39.0	0.05
39.0	39.0	0.075
38.0	39.0	0.05
39.0	40.0	0.05
38.0	40.0	0.005
40.0	40.0	0.075
41.0	40.0	0.05
42.0	40.0	0.005
42.0	41.0	0.05
40.0	41.0	0.05
43.0	41.0	0.005
41.0	41.0	0.075
39.0	41.0	0.005
43.0	42.0	0.05
42.0	42.0	0.075
44.0	42.0	0.005
41.0	42.0	0.05
40.0	42.0	0.005
41.0	43.0	0.005
43.0	43.0	0.075
44.0	43.0	0.05
42.0	43.0	0.05
45.0	43.0	0.005
42.0	44.0	0.005
43.0	44.0	0.05
46.0	44.0	0.005
44.0	44.0	0.075
45.0	44.0	0.05
47.0	45.0	0.005
46.0	45.0	0.05
45.0	45.0	0.075
43.0	45.0	0.005
44.0	45.0	0.05
48.0	46.0	0.005
44.0	46.0	0.005
46.0	46.0	0.075
47.0	46.0	0.05
45.0	46.0	0.05
48.0	47.0	0.05
47.0	47.0	0.075
45.0	47.0	0.005
46.0	47.0	0.05
49.0	47.0	0.005
50.0	48.0	0.005
46.0	48.0	0.005
49.0	48.0	0.05
48.0	48.0	0.075
47.0	48.0	0.05
50.0	49.0	0.05
49.0	49.0	0.075
51.0	49.0	0.005
48.0	49.0	0.05
47.0	49.0	0.005
48.0	50.0	0.005
49.0	50.0	0.05
50.0	50.0	0.075
51.0	50.0	0.05
52.0	50.0	0.005
49.0	51.0	0.005
53.0	51.0	0.005
52.0	51.0	0.05
51.0	51.0	0.075
50.0	51.0	0.05
51.0	52.0	0.05
52.0	52.0	0.075
53.0	52.0	0.05
50.0	52.0	0.005
54.0	52.0	0.005
54.0	53.0	0.05
52.0	53.0	0.05
55.0	53.0	0.005
53.0	53.0	0.075
51.0	53.0	0.005
56.0	54.0	0.005
55.0	54.0	0.05
54.0	54.0	0.075
53.0	54.0	0.05
52.0	54.0	0.005
57.0	55.0	0.005
53.0	55.0	0.005
54.0	55.0	0.05
55.0	55.0	0.075
56.0	55.0	0.05
58.0	56.0	0.005
57.0	56.0	0.05
56.0	56.0	0.075
54.0	56.0	0.005
55.0	56.0	0.05
56.0	57.0	0.05
59.0	57.0	0.005
55.0	57.0	0.005
57.0	57.0	0.075
58.0	57.0	0.05
59.0	58.0	0.05
58.0	58.0	0.075
60.0	58.0	0.005
57.0	58.0	0.05
56.0	58.0	0.005
61.0	59.0	0.005
58.0	59.0	0.05
57.0	59.0	0.005
59.0	59.0	0.075
60.0	59.0	0.05
61.0	60.0	0.05
60.0	60.0	0.075
62.0	60.0	0.005
59.0	60.0	0.05
58.0	60.0	0.005
63.0	61.0	0.005
59.0	61.0	0.005
61.0	61.0	0.075
62.0	61.0	0.05
60.0	61.0	0.05
64.0	62.0	0.005
63.0	62.0	0.05
62.0	62.0	0.075
60.0	62.0	0.005
61.0	62.0	0.05
65.0	63.0	0.005
64.0	63.0	0.05
63.0	63.0	0.075
62.0	63.0	0.05
61.0	63.0	0.005
63.0	64.0	0.05
62.0	64.0	0.005
64.0	64.0	0.05
65.0	64.0	0.05
66.0	64.0	0.024264627300278833
66.0	65.0	0.05
64.0	65.0	0.05
67.0	65.0	0.0011734549939795907
65.0	65.0	0.05
63.0	65.0	0.005
68.0	66.0	0.0049979172741453585
67.0	66.0	0.04600166618068365
66.0	66.0	0.02892111821482592
65.0	66.0	0.05
64.0	66.0	0.005
65.0	67.0	0.005
67.0	67.0	0.04600166618068365
68.0	67.0	0.04600166618068329
66.0	67.0	0.02892111821482592
69.0	67.0	0.00952021983604043
66.0	68.0	0.02892111821482592
67.0	68.0	0.04600166618068365
70.0	68.0	0.004997917274145405
68.0	68.0	0.04600166618068329
69.0	68.0	0.04200333236136681
71.0	69.0	0.0049979172741453585
70.0	69.0	0.04600166618068354
69.0	69.0	0.04200333236136681
68.0	69.0	0.04600166618068329
67.0	69.0	0.005523968742578791
68.0	70.0	0.00749841448545935
72.0	70.0	0.006972201359399968
70.0	70.0	0.04819666722208981
71.0	70.0	0.048196667222089484
69.0	70.0	0.04639333444417946
69.0	71.0	0.00952021983604043
72.0	71.0	0.0460016661806833
71.0	71.0	0.04600166618068317
73.0	71.0	0.009520219836040506
70.0	71.0	0.04600166618068354
71.0	72.0	0.04600166618068317
70.0	72.0	0.005523968742578678
72.0	72.0	0.0460016661806833
74.0	72.0	0.004997917274145359
73.0	72.0	0.04200333236136695
74.0	73.0	0.04600166618068319
73.0	73.0	0.04200333236136695
75.0	73.0	0.004997917274145305
72.0	73.0	0.0460016661806833
71.0	73.0	0.005523968742578305
72.0	74.0	0.007498414485459376
73.0	74.0	0.04639333444417962
76.0	74.0	0.00697220135940011
74.0	74.0	0.04819666722208951
75.0	74.0	0.04819666722208963
73.0	75.0	0.009520219836040506
76.0	75.0	0.04600166618068345
75.0	75.0	0.04600166618068332
77.0	75.0	0.009520219836040416
74.0	75.0	0.04600166618068319
77.0	76.0	0.042003332361366774
76.0	76.0	0.04600166618068345
78.0	76.0	0.0049979172741453064
75.0	76.0	0.04600166618068332
74.0	76.0	0.005523968742578328
76.0	77.0	0.04600166618068345
77.0	77.0	0.042003332361366774
78.0	77.0	0.04600166618068333
75.0	77.0	0.005523968742578455
79.0	77.0	0.004997917274145474
76.0	78.0	0.007498414485459525
77.0	78.0	0.04639333444417944
79.0	78.0	0.048196667222089755
80.0	78.0	0.006972201359400243
78.0	78.0	0.04819666722208963
80.0	79.0	0.046001666180683604
79.0	79.0	0.04600166618068348
81.0	79.0	0.013612168409722916
78.0	79.0	0.04600166618068333
77.0	79.0	0.009520219836040416
82.0	80.0	0.004997917274145412
78.0	80.0	0.005523968742578483
81.0	80.0	0.038004998542050354
80.0	80.0	0.046001666180683604
79.0	80.0	0.04600166618068348
82.0	81.0	0.046001666180683624
83.0	81.0	0.004997917274145366
81.0	81.0	0.038004998542050354
80.0	81.0	0.046001666180683604
79.0	81.0	0.005523968742578609
80.0	82.0	0.005113579739369496
81.0	82.0	0.038004998542050354
84.0	82.0	0.0049979172741453125
82.0	82.0	0.046001666180683624
83.0	82.0	0.04600166618068328
81.0	83.0	0.013612168409722916
84.0	83.0	0.04600166618068339
83.0	83.0	0.04600166618068328
85.0	83.0	0.009520219836040527
82.0	83.0	0.046001666180683624
85.0	84.0	0.04200333236136717
83.0	84.0	0.04600166618068328
82.0	84.0	0.0055239687425787725
84.0	84.0	0.04600166618068339
86.0	84.0	0.0049979172741453715
86.0	85.0	0.04600166618068331
87.0	85.0	0.004997917274145319
85.0	85.0	0.04200333236136717
84.0	85.0	0.04600166618068339
83.0	85.0	0.005523968742578407
84.0	86.0	0.007498414485459414
88.0	86.0	0.006972201359400128
86.0	86.0	0.04819666722208954
87.0	86.0	0.048196667222089644
85.0	86.0	0.04639333444417968
85.0	87.0	0.009520219836040527
89.0	87.0	0.009520219836040449
88.0	87.0	0.04600166618068357
87.0	87.0	0.04600166618068342
86.0	87.0	0.04600166618068331
87.0	88.0	0.04600166618068342
86.0	88.0	0.0055239687425784395
88.0	88.0	0.04600166618068357
89.0	88.0	0.04200333236136701
90.0	88.0	0.004997917274145326
90.0	89.0	0.04600166618068346
88.0	89.0	0.04600166618068357
91.0	89.0	0.004997917274145495
89.0	89.0	0.04200333236136701
87.0	89.0	0.005523968742578577
91.0	90.0	0.04819666722208977
90.0	90.0	0.048196667222089644
92.0	90.0	0.006972201359400253
89.0	90.0	0.046393334444179465
88.0	90.0	0.007498414485459542
89.0	91.0	0.009520219836040449
91.0	91.0	0.046001666180683604
92.0	91.0	0.046001666180683735
90.0	91.0	0.04600166618068346
93.0	91.0	0.020664920729157335
90.0	92.0	0.005523968742578613
91.0	92.0	0.046001666180683604
94.0	92.0	0.009520219836040539
92.0	92.0	0.046001666180683735
93.0	92.0	0.030008330903418177
95.0	93.0	0.009520219836040499
94.0	93.0	0.042003332361367184
93.0	93.0	0.030008330903418177
91.0	93.0	0.00552396874257874
92.0	93.0	0.046001666180683735
96.0	94.0	0.004997917274145356
92.0	94.0	0.00511357973936963
94.0	94.0	0.042003332361367184
95.0	94.0	0.04200333236136722
93.0	94.0	0.030008330903418177
96.0	95.0	0.04600166618068356
95.0	95.0	0.04200333236136722
93.0	95.0	0.020664920729157335
94.0	95.0	0.042003332361367184
97.0	95.0	0.009520219836040622
94.0	96.0	0.011451196048524764
98.0	96.0	0.009520219836040409
97.0	96.0	0.04400249927102583
96.0	96.0	0.04700124963551272
95.0	96.0	0.04400249927102556
99.0	97.0	0.004997917274145526
98.0	97.0	0.04200333236136706
97.0	97.0	0.04200333236136749
96.0	97.0	0.04600166618068356
95.0	97.0	0.009520219836040499
97.0	98.0	0.046393334444179694
96.0	98.0	0.007498414485459418
100.0	98.0	0.010008331944775043
98.0	98.0	0.046393334444179216
99.0	98.0	0.04819666722208977
97.0	99.0	0.010008331944775146
100.0	99.0	0.046393334444179465
99.0	99.0	0.04819666722208977
101.0	99.0	0.014310079208144623
98.0	99.0	0.046393334444179216
99.0	100.0	0.04600166618068372
101.0	100.0	0.03800499854205149
100.0	100.0	0.04200333236136731
102.0	100.0	0.0049979172741454045
98.0	100.0	0.009520219836040409
100.0	101.0	0.04200333236136731
103.0	101.0	0.009520219836040539
101.0	101.0	0.03800499854205149
102.0	101.0	0.0460016661806835
99.0	101.0	0.0051135797393696125
104.0	102.0	0.009520219836040499
100.0	102.0	0.009520219836040499
102.0	102.0	0.0460016661806835
103.0	102.0	0.04200333236136734
101.0	102.0	0.03800499854205149
102.0	103.0	0.0460016661806835
101.0	103.0	0.013612168409723097
103.0	103.0	0.04200333236136734
104.0	103.0	0.04200333236136736
105.0	103.0	0.004997917274145356
103.0	104.0	0.04639333444417949
105.0	104.0	0.04819666722208965
106.0	104.0	0.010008331944775146
104.0	104.0	0.046393334444179465
102.0	104.0	0.007498414485459302
106.0	105.0	0.04639333444417972
105.0	105.0	0.04819666722208965
107.0	105.0	0.010008331944774925
104.0	105.0	0.046393334444179465
103.0	105.0	0.010008331944775033
105.0	106.0	0.046001666180683624
104.0	106.0	0.009520219836040499
108.0	106.0	0.004997917274145526
106.0	106.0	0.04200333236136762
107.0	106.0	0.04200333236136716
108.0	107.0	0.04819666722208977
107.0	107.0	0.04639333444417924
105.0	107.0	0.007498414485459423
106.0	107.0	0.04639333444417972
109.0	107.0	0.010008331944775043
107.0	108.0	0.04639333444417924
106.0	108.0	0.010008331944775146
110.0	108.0	0.010008331944775037
108.0	108.0	0.04819666722208977
109.0	108.0	0.04639333444417949
111.0	109.0	0.004997917274145467
110.0	109.0	0.042003332361367454
109.0	109.0	0.04200333236136743
108.0	109.0	0.04600166618068378
107.0	109.0	0.009520219836040409
108.0	110.0	0.007498414485459554
112.0	110.0	0.014310079208144548
110.0	110.0	0.046393334444179514
111.0	110.0	0.048196667222089894
109.0	110.0	0.04639333444417949
109.0	111.0	0.010008331944775043
113.0	111.0	0.010008331944775047
112.0	111.0	0.04459000166626965
111.0	111.0	0.048196667222089894
110.0	111.0	0.046393334444179514
111.0	112.0	0.04600166618068394
110.0	112.0	0.009520219836040539
112.0	112.0	0.038004998542051326
113.0	112.0	0.04200333236136753
114.0	112.0	0.004997917274145356
112.0	113.0	0.038004998542051326
115.0	113.0	0.009520219836040622
114.0	113.0	0.046001666180683715
113.0	113.0	0.04200333236136753
111.0	113.0	0.005113579739369819
115.0	114.0	0.042003332361367794
116.0	114.0	0.009520219836040409
114.0	114.0	0.046001666180683715
113.0	114.0	0.04200333236136753
112.0	114.0	0.013612168409723055
113.0	115.0	0.009520219836040499
114.0	115.0	0.046001666180683715
115.0	115.0	0.042003332361367794
116.0	115.0	0.04200333236136733
117.0	115.0	0.004997917274145526
114.0	116.0	0.009962251837465103
115.0	116.0	0.04729500083313495
118.0	116.0	0.010008331944775054
116.0	116.0	0.047295000833134496
117.0	116.0	0.0486475004165674
118.0	117.0	0.04639333444417939
117.0	117.0	0.04819666722208982
119.0	117.0	0.010008331944775049
116.0	117.0	0.046393334444179354
115.0	117.0	0.010008331944775151
116.0	118.0	0.009520219836040409
118.0	118.0	0.04200333236136734
119.0	118.0	0.042003332361367336
117.0	118.0	0.046001666180683846
120.0	118.0	0.004997917274145467
117.0	119.0	0.00749841448545962
118.0	119.0	0.04639333444417939
121.0	119.0	0.01000833194477495
119.0	119.0	0.046393334444179445
120.0	119.0	0.04819666722208976
122.0	120.0	0.0143100792081447
121.0	120.0	0.04639333444417924
120.0	120.0	0.04819666722208976
119.0	120.0	0.046393334444179445
118.0	120.0	0.010008331944775054
119.0	121.0	0.009520219836040539
123.0	121.0	0.004997917274145356
121.0	121.0	0.0420033323613671
122.0	121.0	0.038004998542051444
120.0	121.0	0.04600166618068374
120.0	122.0	0.007498414485459536
123.0	122.0	0.04819666722208958
122.0	122.0	0.04459000166627
124.0	122.0	0.010008331944775184
121.0	122.0	0.04639333444417924
122.0	123.0	0.038004998542051444
121.0	123.0	0.009520219836040409
125.0	123.0	0.009520219836040409
123.0	123.0	0.0460016661806835
124.0	123.0	0.04200333236136734
124.0	124.0	0.04200333236136734
126.0	124.0	0.004997917274145526
125.0	124.0	0.042003332361366864
123.0	124.0	0.0460016661806835
122.0	124.0	0.013612168409723097
123.0	125.0	0.01241102320321126
124.0	125.0	0.048196667222089894
127.0	125.0	0.01000833194477511
125.0	125.0	0.04819666722208945
126.0	125.0	0.04909833361104506
124.0	126.0	0.010008331944775184
128.0	126.0	0.010008331944775116
127.0	126.0	0.04639333444417942
126.0	126.0	0.04819666722208994
125.0	126.0	0.04639333444417916
126.0	127.0	0.04600166618068387
125.0	127.0	0.009520219836040409
127.0	127.0	0.042003332361367135
128.0	127.0	0.04200333236136712
129.0	127.0	0.004997917274145467
129.0	128.0	0.04819666722208966
127.0	128.0	0.04639333444417942
130.0	128.0	0.010008331944775043
128.0	128.0	0.04639333444417948
126.0	128.0	0.007498414485459762
130.0	129.0	0.046393334444179306
129.0	129.0	0.04819666722208966
131.0	129.0	0.010008331944775033
128.0	129.0	0.04639333444417948
127.0	129.0	0.01000833194477511
128.0	130.0	0.009520219836040539
129.0	130.0	0.046001666180683506
132.0	130.0	0.009520219836040409
130.0	130.0	0.042003332361366864
131.0	130.0	0.04200333236136687
129.0	131.0	0.007498414485459441
132.0	131.0	0.046393334444179375
131.0	131.0	0.04639333444417935
133.0	131.0	0.010008331944775033
130.0	131.0	0.046393334444179306
133.0	132.0	0.046393334444179396
131.0	132.0	0.04639333444417935
130.0	132.0	0.010008331944775043
132.0	132.0	0.046393334444179375
134.0	132.0	0.010008331944775043
134.0	133.0	0.04639333444417941
135.0	133.0	0.006206090935951026
133.0	133.0	0.046393334444179396
132.0	133.0	0.046393334444179375
131.0	133.0	0.010008331944775033
132.0	134.0	0.01145119604852428
136.0	134.0	0.004997917274145467
134.0	134.0	0.04400249927102498
135.0	134.0	0.04700124963551242
133.0	134.0	0.044002499271024974
133.0	135.0	0.010008331944775033
137.0	135.0	0.00697220135940024
136.0	135.0	0.04819666722208974
135.0	135.0	0.04819666722208961
134.0	135.0	0.04639333444417941
135.0	136.0	0.046001666180683375
134.0	136.0	0.009520219836040409
136.0	136.0	0.04600166618068352
137.0	136.0	0.04600166618068362
138.0	136.0	0.009520219836040308
138.0	137.0	0.04200333236136664
136.0	137.0	0.04600166618068352
139.0	137.0	0.004997917274145467
137.0	137.0	0.04600166618068362
135.0	137.0	0.005523968742578511
140.0	138.0	0.0049979172741454045
139.0	138.0	0.04600166618068352
138.0	138.0	0.04200333236136664
137.0	138.0	0.04600166618068362
136.0	138.0	0.005523968742578636
138.0	139.0	0.046393334444179174
137.0	139.0	0.007498414485459647
139.0	139.0	0.04819666722208976
140.0	139.0	0.04819666722208987
141.0	139.0	0.0005
138.0	140.0	0.009520219836040308
139.0	140.0	0.04600166618068352
142.0	140.0	0.008090291642150398
140.0	140.0	0.04600166618068362
141.0	140.0	0.03600583163239234
143.0	141.0	0.0009059687004628758
142.0	141.0	0.028484778706009826
141.0	141.0	0.03600583163239234
139.0	141.0	0.005523968742578638
140.0	141.0	0.04600166618068362
144.0	142.0	0.0012953690919986012
140.0	142.0	0.005523968742578764
142.0	142.0	0.028484778706009826
143.0	142.0	0.03691180033285519
141.0	142.0	0.03600583163239234
144.0	143.0	0.03730120072439107
143.0	143.0	0.03691180033285519
141.0	143.0	0.0
142.0	143.0	0.028484778706009826
145.0	143.0	0.004487659054672631
146.0	144.0	0.006038747192080744
142.0	144.0	0.008090291642150398
145.0	144.0	0.02188340500319667
144.0	144.0	0.03730120072439107
143.0	144.0	0.03691180033285519
146.0	145.0	0.0345235228193156
147.0	145.0	0.0027522082826101535
145.0	145.0	0.02188340500319667
144.0	145.0	0.03730120072439107
143.0	145.0	0.0009059687004628758
144.0	146.0	0.0012953690919986012
145.0	146.0	0.02188340500319667
148.0	146.0	0.00296591574858442
146.0	146.0	0.0345235228193156
147.0	146.0	0.038758039915003005
145.0	147.0	0.0056305774254886256
148.0	147.0	0.044009601607957964
147.0	147.0	0.04380631677808792
149.0	147.0	0.006676847644307689
146.0	147.0	0.041778319518119306
149.0	148.0	0.032503538479280926
148.0	148.0	0.03897174738097683
150.0	148.0	0.00701529375924091
147.0	148.0	0.038758039915003005
146.0	148.0	0.006038747192080744
148.0	149.0	0.03897174738097683
149.0	149.0	0.032503538479280926
150.0	149.0	0.035500071332632735
147.0	149.0	0.0027522082826101535
151.0	149.0	0.003635825917986865
148.0	150.0	0.00296591574858442
149.0	150.0	0.032503538479280926
151.0	150.0	0.03964165755037917
152.0	150.0	0.0037654460483098444
150.0	150.0	0.035500071332632735
152.0	151.0	0.040770862805808245
151.0	151.0	0.04064124293939449
153.0	151.0	0.007395971659376636
150.0	151.0	0.03649965838177177
149.0	151.0	0.006017926682928642
154.0	152.0	0.008688991394559888
150.0	152.0	0.008125572667633172
152.0	152.0	0.0452209731316135
151.0	152.0	0.04509767490882379
153.0	152.0	0.04256935624996101
154.0	153.0	0.03709196291455969
153.0	153.0	0.03588075216012384
155.0	153.0	0.004171767105305721
152.0	153.0	0.040770862569678115
151.0	153.0	0.003635825917986865
156.0	154.0	0.004250385688462592
152.0	154.0	0.0037654460483098444
154.0	154.0	0.03609237794665638
155.0	154.0	0.04017759873769848
153.0	154.0	0.03388158345572844
157.0	155.0	0.008782747362047691
156.0	155.0	0.04523142720965686
155.0	155.0	0.04515664290004563
153.0	155.0	0.007987684574190388
154.0	155.0	0.04327066067802475
158.0	156.0	0.012058800074381277
157.0	156.0	0.03471740998440759
156.0	156.0	0.040256217320854965
155.0	156.0	0.04017759873769848
154.0	156.0	0.007607599657313207
156.0	157.0	0.040256217320854965
155.0	157.0	0.004171767105305721
157.0	157.0	0.034717409984407595
158.0	157.0	0.03245329624869625
159.0	157.0	0.004496831867217457
159.0	158.0	0.04050266349961004
157.0	158.0	0.034717409984407595
160.0	158.0	0.0045445164483252955
158.0	158.0	0.03245329624869625
156.0	158.0	0.004250385688462592
160.0	159.0	0.04055034808071821
159.0	159.0	0.040502663499610056
161.0	159.0	0.012494813584542658
158.0	159.0	0.032453296248696265
157.0	159.0	0.008231798188055193
158.0	160.0	0.012058800074381277
159.0	160.0	0.040502663499610056
160.0	160.0	0.040550348080718224
161.0	160.0	0.029890559533067775
162.0	160.0	0.008216712764943035
159.0	161.0	0.004496831867217457
160.0	161.0	0.04055034808071824
163.0	161.0	0.0047229157721464625
161.0	161.0	0.02989055953306779
162.0	161.0	0.03670149142478561
163.0	162.0	0.040728747404539606
162.0	162.0	0.03670149142478561
164.0	162.0	0.004749085625120749
161.0	162.0	0.029890559533067813
160.0	162.0	0.0045445164483252955
161.0	163.0	0.01324721842082513
163.0	163.0	0.04568091172921926
164.0	163.0	0.04570580526340315
162.0	163.0	0.04385006734128095
165.0	163.0	0.009600370276559219
162.0	164.0	0.008216712764943035
163.0	164.0	0.04072874740453965
166.0	164.0	0.00833629737871564
164.0	164.0	0.040754917257513824
165.0	164.0	0.03557695332216891
167.0	165.0	0.004831120431716312
166.0	165.0	0.03682107606774264
165.0	165.0	0.03557695332216894
164.0	165.0	0.04075491725751384
163.0	165.0	0.0047229157721464625
164.0	166.0	0.004749085625120749
168.0	166.0	0.004846993249905486
166.0	166.0	0.03682107606774267
167.0	166.0	0.040836952064109436
165.0	166.0	0.035576953322168994
165.0	167.0	0.009600370276559219
168.0	167.0	0.04579893787698154
167.0	167.0	0.0457838391852705
169.0	167.0	0.009760890685014977
166.0	167.0	0.043963819772380223
167.0	168.0	0.04083695206410955
166.0	168.0	0.00833629737871564
168.0	168.0	0.04085282488229876
170.0	168.0	0.00840882912036369
169.0	168.0	0.03574570378795748
170.0	169.0	0.036893607820128176
171.0	169.0	0.004896749875269687
169.0	169.0	0.0357457037879576
168.0	169.0	0.04085282488229879
167.0	169.0	0.004831120431716312
168.0	170.0	0.004846993249905486
169.0	170.0	0.03574570378795772
172.0	170.0	0.004906377226157642
170.0	170.0	0.03689360782012825
171.0	170.0	0.040902581507663474
169.0	171.0	0.009760890685014977
172.0	171.0	0.04585542566253716
171.0	171.0	0.04584626784309253
173.0	171.0	0.009858251234253667
170.0	171.0	0.044032814109460146
173.0	172.0	0.03584805611930126
172.0	172.0	0.040912208858551756
174.0	172.0	0.019597522740558718
171.0	172.0	0.040902581507663766
170.0	172.0	0.00840882912036369
172.0	173.0	0.04091220885855189
173.0	173.0	0.03584805611930158
174.0	173.0	0.02494259909381436
171.0	173.0	0.004896749875269687
175.0	173.0	0.009403336861168721
172.0	174.0	0.004906377226157642
173.0	174.0	0.035848056119301905
175.0	174.0	0.03189061483821036
176.0	174.0	0.004947679030645531
174.0	174.0	0.024942599093814556
176.0	175.0	0.04095351066304189
175.0	175.0	0.03189061483821144
177.0	175.0	0.009433630798569024
174.0	175.0	0.02494259909381503
173.0	175.0	0.00936244432294569
178.0	176.0	0.004960699867990266
174.0	176.0	0.019597522740558718
177.0	176.0	0.0359192425949345
176.0	176.0	0.04095351066304354
175.0	176.0	0.03189061483821429
178.0	177.0	0.040966531500391645
179.0	177.0	0.008486960679932215
177.0	177.0	0.03591924259493711
176.0	177.0	0.04095351066304465
175.0	177.0	0.009403336861168721
176.0	178.0	0.004947679030645531
177.0	178.0	0.03591924259493863
180.0	178.0	0.004967446239183521
178.0	178.0	0.04096653150039251
179.0	178.0	0.036971739385554744
177.0	179.0	0.009433630798569024
180.0	179.0	0.04097327787158922
179.0	179.0	0.03697173938555581
181.0	179.0	0.009467700930032241
178.0	179.0	0.04096653150039349
181.0	180.0	0.04363837774861408
179.0	180.0	0.044107135153481296
178.0	180.0	0.005218763680549963
180.0	180.0	0.04591351630466779
182.0	180.0	0.005232693396982779
182.0	181.0	0.040981175408670814
183.0	181.0	0.008500211035798098
181.0	181.0	0.035953312726425546
180.0	181.0	0.04097327787159357
179.0	181.0	0.008486960679932215
180.0	182.0	0.004967446239183521
184.0	182.0	0.008502154764379656
182.0	182.0	0.040981175408673194
183.0	182.0	0.03698498974174174
181.0	182.0	0.03595331272642966
181.0	183.0	0.009467700930032241
185.0	183.0	0.009488365509372746
184.0	183.0	0.0369869334703898
183.0	183.0	0.036984989741744655
182.0	183.0	0.04098117540867583
183.0	184.0	0.0441197392821808
182.0	184.0	0.005232693396982779
184.0	184.0	0.04412158821406389
185.0	184.0	0.04365803450459286
186.0	184.0	0.005241142197119716
186.0	185.0	0.045929477474499616
184.0	185.0	0.044121588214072596
187.0	185.0	0.00954571435109895
185.0	185.0	0.04365803450461312
183.0	185.0	0.009538069560750193
188.0	186.0	0.004986707606940702
186.0	186.0	0.040990057388102005
187.0	186.0	0.03699302648916096
185.0	186.0	0.03597397730586024
184.0	186.0	0.008502154764379656
185.0	187.0	0.009488365509372746
187.0	187.0	0.036993026489169724
188.0	187.0	0.040992539239435535
186.0	187.0	0.040990057388109936
189.0	187.0	0.009500899210380468
186.0	188.0	0.005241142197119716
187.0	188.0	0.04412738407283383
190.0	188.0	0.009993285026470984
188.0	188.0	0.04593183828454802
189.0	188.0	0.04366995692999183
191.0	189.0	0.008513837374313733
190.0	189.0	0.035990013242480495
189.0	189.0	0.035986511007067484
187.0	189.0	0.00850824778294045
188.0	189.0	0.040992539239471125
192.0	190.0	0.004991765278627518
188.0	190.0	0.004986707606940702
190.0	190.0	0.03599001324252154
191.0	190.0	0.03699861608109363
189.0	190.0	0.03598651100710108
192.0	191.0	0.04099759691132638
191.0	191.0	0.03699861608111995
189.0	191.0	0.009500899210380468
190.0	191.0	0.035990013242566905
193.0	191.0	0.009509616452204581
190.0	192.0	0.009993285026470984
194.0	192.0	0.005249830734771411
193.0	192.0	0.04367824902752521
192.0	192.0	0.045936649290936125
191.0	192.0	0.0441327010572422
195.0	193.0	0.008516512575067723
194.0	193.0	0.04099919139703391
193.0	193.0	0.03599522824956075
192.0	193.0	0.04099759691143331
191.0	193.0	0.008513837374313733
193.0	194.0	0.03599522824966169
192.0	194.0	0.004991765278627518
196.0	194.0	0.004994185900971024
194.0	194.0	0.040999191397092474
195.0	194.0	0.0370012912832102
193.0	195.0	0.009509616452204581
196.0	195.0	0.041000017534194584
195.0	195.0	0.03700129128328173
197.0	195.0	0.009513788559533434
194.0	195.0	0.04099919139715721
195.0	196.0	0.04413524578844724
197.0	196.0	0.04368221766034989
196.0	196.0	0.04593895185880334
198.0	196.0	0.0052515365191141
194.0	196.0	0.005249830734771411
196.0	197.0	0.041999600987268106
199.0	197.0	0.008518135166347836
197.0	197.0	0.037998567264414446
198.0	197.0	0.04200056809144604
195.0	197.0	0.008516512575067723
200.0	198.0	0.008518373188410979
196.0	198.0	0.004994185900971024
198.0	198.0	0.04200056809144569
199.0	198.0	0.03800249732719387
197.0	198.0	0.03799856726441405
198.0	199.0	0.04200056809144536
197.0	199.0	0.009513788559533434
199.0	199.0	0.03800249732719332
200.0	199.0	0.03800273534925562
201.0	199.0	0.009516319072393718
199.0	200.0	0.04413678924915362
201.0	200.0	0.043684624762982675
202.0	200.0	0.005252571132241615
200.0	200.0	0.04413701566445126
198.0	200.0	0.0052515365191141
203.0	201.0	0.009556055674853169
202.0	201.0	0.045940906413881925
201.0	201.0	0.04368462476433419
200.0	201.0	0.04413701566503216
199.0	201.0	0.009555119521122571
204.0	202.0	0.004996544585953029
201.0	202.0	0.03600193087776923
200.0	202.0	0.008518373188410979
202.0	202.0	0.04100207230172855
203.0	202.0	0.0370038980411731
205.0	203.0	0.009517853910532345
204.0	203.0	0.04100237622513022
203.0	203.0	0.03700389804175728
201.0	203.0	0.009516319072393718
202.0	203.0	0.04100207230225713
206.0	204.0	0.010006489366103866
205.0	204.0	0.043686084759657066
204.0	204.0	0.045941195516948814
203.0	204.0	0.04413772541599105
202.0	204.0	0.005252571132241615
204.0	205.0	0.04100237622750375
203.0	205.0	0.008519119317706802
205.0	205.0	0.036003465729171194
206.0	205.0	0.036003894608716266
207.0	205.0	0.008519803799103491
207.0	206.0	0.037004582557555545
205.0	206.0	0.036003465731412006
208.0	206.0	0.00499716394562857
206.0	206.0	0.0360038946114532
204.0	206.0	0.004996544585953029
208.0	207.0	0.04100299559840236
207.0	207.0	0.037004582559310495
209.0	207.0	0.009518921411475504
206.0	207.0	0.03600389461447797
205.0	207.0	0.009517853910532345
206.0	208.0	0.010006489366103866
207.0	208.0	0.04413837655420692
208.0	208.0	0.04594178468742391
209.0	208.0	0.04368710023865233
210.0	208.0	0.005253635134333706
207.0	209.0	0.008519803799103491
208.0	209.0	0.04100299560553289
211.0	209.0	0.008520131394630013
209.0	209.0	0.03600453327478033
210.0	209.0	0.041003190884997154
211.0	210.0	0.03700491024319102
210.0	210.0	0.04100319088890286
212.0	210.0	0.0049974604057141285
209.0	210.0	0.03600453328151208
208.0	210.0	0.00499716394562857
209.0	211.0	0.009518921411475504
211.0	211.0	0.03700491024796147
212.0	211.0	0.041003292093508496
210.0	211.0	0.04100319089321934
213.0	211.0	0.009519432360862473
210.0	212.0	0.005253635134333706
211.0	212.0	0.04413868827411353
214.0	212.0	0.00525384408674344
212.0	212.0	0.04594206673360916
213.0	212.0	0.04368758637354118
215.0	213.0	0.008520330091356379
214.0	213.0	0.041003410607606504
213.0	213.0	0.036005044339211485
212.0	213.0	0.04100329211289124
211.0	213.0	0.008520131394630013
212.0	214.0	0.0049974604057141285
216.0	214.0	0.004997640301033413
214.0	214.0	0.04100341061822334
215.0	214.0	0.03700510918485947
213.0	214.0	0.036005044357510306
213.0	215.0	0.009519432360862473
216.0	215.0	0.04100347208402333
215.0	215.0	0.037005109197826895
217.0	215.0	0.009519742368937413
214.0	215.0	0.04100341062995674
215.0	216.0	0.04413887755592738
214.0	216.0	0.00525384408674344
216.0	216.0	0.04594223797664492
218.0	216.0	0.00955730345125072
217.0	216.0	0.043687881547211455
219.0	217.0	0.009519866760088374
217.0	217.0	0.03600535466000754
218.0	217.0	0.037005210637359044
216.0	217.0	0.04100347213671108
215.0	217.0	0.008520330091356379
216.0	218.0	0.004997640301033413
218.0	218.0	0.03700521066621858
219.0	218.0	0.03200714552616606
217.0	218.0	0.036005354709748895
220.0	218.0	0.009519931296111478
217.0	219.0	0.010007877784717137
218.0	219.0	0.04413897414321012
221.0	219.0	0.005254048399605821
219.0	219.0	0.04188466763007824
220.0	219.0	0.0418847292823482
222.0	220.0	0.009520007360680044
221.0	220.0	0.04200320783319088
220.0	220.0	0.034006374998769545
218.0	220.0	0.008520431068968267
219.0	220.0	0.0340063108530997
223.0	221.0	0.010008168172113165
219.0	221.0	0.010007996167941726
221.0	221.0	0.04639321598931438
222.0	221.0	0.04278646472331197
220.0	221.0	0.04278639329439951
223.0	222.0	0.04278650173213677
222.0	222.0	0.04278646472331197
220.0	222.0	0.010008057595557361
221.0	222.0	0.04639321598931438
224.0	222.0	0.00525409652361159
225.0	223.0	0.04473327529455969
221.0	223.0	0.005254048399605821
224.0	223.0	0.04594243372964004
223.0	223.0	0.041884842406863944
222.0	223.0	0.04188480356264195
225.0	224.0	0.04473327529455969
224.0	224.0	0.04594243415666261
226.0	224.0	0.013408321081211901
223.0	224.0	0.04188484314286646
222.0	224.0	0.010008130047795527
223.0	225.0	0.009520047328077605
224.0	225.0	0.04100367839414728
225.0	225.0	0.04083937703706934
226.0	225.0	0.027453469663786374
227.0	225.0	0.008520594928734068
224.0	226.0	0.004997844024779396
228.0	226.0	0.011612930053759641
227.0	226.0	0.03656024918337351
226.0	226.0	0.028009161740864194
225.0	226.0	0.04083937703706934
226.0	227.0	0.02800919572816843
227.0	227.0	0.037005478435372954
228.0	227.0	0.02800933880540945
225.0	227.0	0.04083937703706934
229.0	227.0	0.015315491185560677
229.0	228.0	0.0240113309916112
227.0	228.0	0.03700549760231764
230.0	228.0	0.019665312127807484
228.0	228.0	0.02800938339871843
226.0	228.0	0.011612905058580257
231.0	229.0	0.021697100537506876
229.0	229.0	0.02401137662416281
230.0	229.0	0.025011427350951958
228.0	229.0	0.028009420759491775
227.0	229.0	0.008520594928734068
232.0	230.0	0.036704789630135494
228.0	230.0	0.011612930053759641
229.0	230.0	0.024011413963173456
230.0	230.0	0.02501144901473717
231.0	230.0	0.021697100537506876
233.0	231.0	0.017666155062365234
232.0	231.0	0.036704789630135494
231.0	231.0	0.021697100537506876
229.0	231.0	0.015315491185560677
230.0	231.0	0.025011509187539617
231.0	232.0	0.021697100537506876
230.0	232.0	0.019665312127807484
232.0	232.0	0.036704789630135494
233.0	232.0	0.017666155062365234
234.0	232.0	0.018665745864623082
235.0	233.0	0.019697965102964735
232.0	233.0	0.036704789630135494
231.0	233.0	0.021697100537506876
233.0	233.0	0.017666155062365234
234.0	233.0	0.020070730548387452
232.0	234.0	0.036704789630135494
233.0	234.0	0.017666155062365234
236.0	234.0	0.05
235.0	234.0	0.019697965102964735
234.0	234.0	0.020075224824087606
235.0	235.0	0.019697965102964735
236.0	235.0	0.05
237.0	235.0	0.005
233.0	235.0	0.017666155062365234
234.0	235.0	0.02008269368610203
235.0	236.0	0.019697965102964735
234.0	236.0	0.018665745864623082
238.0	236.0	0.005
236.0	236.0	0.05
237.0	236.0	0.05
238.0	237.0	0.05
237.0	237.0	0.05
235.0	237.0	0.05
236.0	237.0	0.016868476337853953
239.0	237.0	0.005
237.0	238.0	0.05
236.0	238.0	0.0
240.0	238.0	0.005
238.0	238.0	0.05
239.0	238.0	0.05
241.0	239.0	0.005
239.0	239.0	0.075
240.0	239.0	0.05
238.0	239.0	0.05
237.0	239.0	0.005
238.0	240.0	0.005
242.0	240.0	0.005
239.0	240.0	0.05
240.0	240.0	0.075
241.0	240.0	0.05
239.0	241.0	0.005
243.0	241.0	0.005
241.0	241.0	0.075
242.0	241.0	0.05
240.0	241.0	0.05
241.0	242.0	0.05
240.0	242.0	0.005
242.0	242.0	0.075
243.0	242.0	0.05
244.0	242.0	0.005
242.0	243.0	0.05
245.0	243.0	0.005
243.0	243.0	0.075
244.0	243.0	0.05
241.0	243.0	0.005
246.0	244.0	0.005
244.0	244.0	0.075
245.0	244.0	0.05
242.0	244.0	0.005
243.0	244.0	0.05
244.0	245.0	0.05
243.0	245.0	0.005
247.0	245.0	0.005
245.0	245.0	0.075
246.0	245.0	0.05
244.0	246.0	0.005
247.0	246.0	0.05
246.0	246.0	0.075
248.0	246.0	0.005
245.0	246.0	0.05
248.0	247.0	0.05
246.0	247.0	0.05
245.0	247.0	0.005
247.0	247.0	0.075
249.0	247.0	0.005
248.0	248.0	0.075
249.0	248.0	0.05
247.0	248.0	0.05
246.0	248.0	0.005
247.0	249.0	0.005
248.0	249.0	0.05
249.0	249.0	0.075
248.0	250.0	0.005
249.0	250.0	0.05
