# columns = ['i', 'j', 'w', 'e', 'i', 'g', 'h', 't']
2.0	0.0	0.02454310412591103
0.0	0.0	0.0399450005207254
1.0	0.0	0.024916293248446925
3.0	1.0	0.021054768432054907
2.0	1.0	0.02066836321173539
1.0	1.0	0.023701111287411338
0.0	1.0	0.03829874973967072
1.0	2.0	0.024916293248446925
2.0	2.0	0.0252067122014817
3.0	2.0	0.022315702294517948
0.0	2.0	0.0399450005207254
4.0	2.0	0.02270101921311072
2.0	3.0	0.02066836321173539
4.0	3.0	0.022343811207201764
5.0	3.0	0.042893017348838366
3.0	3.0	0.021054768432054907
1.0	3.0	0.023701111287411338
5.0	4.0	0.040801100207834416
4.0	4.0	0.02270101921311072
6.0	4.0	0.03589586404695166
3.0	4.0	0.022315702294517948
2.0	4.0	0.02454310412591103
3.0	5.0	0.022315702294517948
4.0	5.0	0.02270101921311072
7.0	5.0	0.016471517534590228
5.0	5.0	0.040801100207834416
6.0	5.0	0.03589586404695166
4.0	6.0	0.022343811207201764
7.0	6.0	0.02095291877197128
6.0	6.0	0.037645202099337825
8.0	6.0	0.017666170364671357
5.0	6.0	0.042893017348838366
8.0	7.0	0.017666170364671357
7.0	7.0	0.020952918499160166
9.0	7.0	0.01537401701388695
6.0	7.0	0.037645202099337825
5.0	7.0	0.042893017348838366
7.0	8.0	0.029732922527847296
8.0	8.0	0.02747875466085246
9.0	8.0	0.02424541774989782
6.0	8.0	0.03589586404695166
10.0	8.0	0.017666170364669758
7.0	9.0	0.016471517534590228
8.0	9.0	0.027478754502261876
10.0	9.0	0.017666170364669758
11.0	9.0	0.014374433559056966
9.0	9.0	0.024245417632411035
11.0	10.0	0.02289291725185869
10.0	10.0	0.03377000537594843
12.0	10.0	0.01976325434020225
9.0	10.0	0.026440418595992374
8.0	10.0	0.017666170364671357
13.0	11.0	0.020664921146635217
9.0	11.0	0.01537401701388695
11.0	11.0	0.022892917216472353
10.0	11.0	0.03377000534719435
12.0	11.0	0.020306247681420832
13.0	12.0	0.021724434310346933
12.0	12.0	0.0318300031337235
14.0	12.0	0.016313670796634715
11.0	12.0	0.023441667453382962
10.0	12.0	0.017666170364669758
15.0	13.0	0.012310912298485242
11.0	13.0	0.014374433559056966
13.0	13.0	0.021724434310346933
14.0	13.0	0.016313670796634715
12.0	13.0	0.031830003125062935
16.0	14.0	0.01431007929675306
15.0	14.0	0.031242500643749636
14.0	14.0	0.016313670796634715
12.0	14.0	0.019725266961806563
13.0	14.0	0.021724434310346933
17.0	15.0	0.024053518796541568
16.0	15.0	0.02689125069009711
15.0	15.0	0.0312425006413416
14.0	15.0	0.016313670796634715
13.0	15.0	0.021724434310346933
15.0	16.0	0.02959624985758119
14.0	16.0	0.01737318393973189
16.0	16.0	0.025244999906752066
17.0	16.0	0.023668201877950178
18.0	16.0	0.012310912298486557
18.0	17.0	0.03543666857809504
16.0	17.0	0.025244999906090613
19.0	17.0	0.014310079227916134
17.0	17.0	0.023668201877950178
15.0	17.0	0.01271050202076709
19.0	18.0	0.0288904175884755
18.0	18.0	0.035436668577892905
20.0	18.0	0.014310079216122184
17.0	18.0	0.023668201877950178
16.0	18.0	0.013612168494010082
17.0	19.0	0.023668201877950178
18.0	19.0	0.03543666857773123
19.0	19.0	0.02889041758827654
20.0	19.0	0.024951248699603787
21.0	19.0	0.012710502020768162
18.0	20.0	0.012310912298486557
19.0	20.0	0.02889041758810507
22.0	20.0	0.011613001500065006
20.0	20.0	0.024951248699476743
21.0	20.0	0.030497916233330875
22.0	21.0	0.032437918211959085
21.0	21.0	0.03324166753506115
23.0	21.0	0.013612168411690245
20.0	21.0	0.031536251823649414
19.0	21.0	0.01361216842853031
20.0	22.0	0.01361216841731155
22.0	22.0	0.03243791821190358
23.0	22.0	0.022011663265089944
21.0	22.0	0.03324166753501605
24.0	22.0	0.011613001500065945
21.0	23.0	0.012310912298486638
22.0	23.0	0.0354366685759526
25.0	23.0	0.014310079209288435
23.0	23.0	0.025010413629272116
24.0	23.0	0.025010413629274513
26.0	24.0	0.01431007920860654
25.0	24.0	0.031085418628163313
24.0	24.0	0.023011246719784502
23.0	24.0	0.02201166326502872
22.0	24.0	0.013408412819189792
23.0	25.0	0.014310079210212625
27.0	25.0	0.009520219836349639
25.0	25.0	0.023951665243579178
26.0	25.0	0.024206664306273492
24.0	25.0	0.037827503749273024
24.0	26.0	0.013408412819190781
27.0	26.0	0.0333008324655292
26.0	26.0	0.027205414670679003
28.0	26.0	0.014310079208440846
25.0	26.0	0.02695041560794924
26.0	27.0	0.024206664306256974
25.0	27.0	0.013612168410810954
27.0	27.0	0.03130166555590857
29.0	27.0	0.027568618631392674
28.0	27.0	0.03183000302017528
29.0	28.0	0.027568618631392674
28.0	28.0	0.031830003020171256
30.0	28.0	0.010008331944821253
27.0	28.0	0.03130166555590529
26.0	28.0	0.013612168410162275
27.0	29.0	0.010008331945100028
31.0	29.0	0.01431007920817579
29.0	29.0	0.02740518528963302
30.0	29.0	0.032203331944823936
28.0	29.0	0.0233049979172371
28.0	30.0	0.014310079208440846
32.0	30.0	0.01361216840974204
31.0	30.0	0.020012496355138354
30.0	30.0	0.037886668680096804
29.0	30.0	0.027568618631392674
30.0	31.0	0.037886668680096075
29.0	31.0	0.027568618631392674
31.0	31.0	0.020012496355137466
32.0	31.0	0.02330499791724282
33.0	31.0	0.012310912298484937
33.0	32.0	0.032144167013843164
31.0	32.0	0.020012496355136685
34.0	32.0	0.014310079208152297
32.0	32.0	0.023304997917242238
30.0	32.0	0.010008331944821253
34.0	33.0	0.027499165868301784
33.0	33.0	0.031595416753491534
35.0	33.0	0.013612168409727779
32.0	33.0	0.03318250260357058
31.0	33.0	0.01431007920817579
32.0	34.0	0.014310079208164801
33.0	34.0	0.031595416753491326
36.0	34.0	0.009520219836043597
34.0	34.0	0.02749916586830152
35.0	34.0	0.022011663264784462
33.0	35.0	0.012710502020766809
36.0	35.0	0.02930249864621115
35.0	35.0	0.022011663264784303
37.0	35.0	0.01431007920814793
34.0	35.0	0.02749916586830132
37.0	36.0	0.036024170971197735
35.0	36.0	0.0220116632647842
34.0	36.0	0.013612168409730447
36.0	36.0	0.029302498646211084
38.0	36.0	0.014310079208146193
38.0	37.0	0.027499165868302325
39.0	37.0	0.009520219836041349
37.0	37.0	0.01901291290029872
36.0	37.0	0.03588750177042943
35.0	37.0	0.01431007920814948
36.0	38.0	0.010507579520574847
40.0	38.0	0.014310079208144878
38.0	38.0	0.027499165868302287
39.0	38.0	0.028009163993759432
37.0	38.0	0.019012912900298662
37.0	39.0	0.013612168409726184
41.0	39.0	0.014310079208144883
40.0	39.0	0.03318250260356433
39.0	39.0	0.02800916399375942
38.0	39.0	0.027499165868302245
39.0	40.0	0.028009163993759405
38.0	40.0	0.013612168409724503
40.0	40.0	0.03318250260356432
41.0	40.0	0.03602417097119752
42.0	40.0	0.010008331944775491
42.0	41.0	0.03349666659727427
40.0	41.0	0.023304997917236326
43.0	41.0	0.01431007920814475
41.0	41.0	0.019012912900299148
39.0	41.0	0.010008331944776043
43.0	42.0	0.03188916795111399
42.0	42.0	0.03349666659727427
44.0	42.0	0.016020684340111762
41.0	42.0	0.019012912900299148
40.0	42.0	0.013612168409723274
41.0	43.0	0.014310079208144883
43.0	43.0	0.02749916586830097
44.0	43.0	0.017954164514487326
42.0	43.0	0.03459416711797717
45.0	43.0	0.012310912298487997
42.0	44.0	0.010008331944775491
43.0	44.0	0.02749916586830097
46.0	44.0	0.014310079208145168
44.0	44.0	0.017954164514487326
45.0	44.0	0.03214416701384531
47.0	45.0	0.013612168409722765
46.0	45.0	0.027499165868303924
45.0	45.0	0.031595416753493664
43.0	45.0	0.01431007920814475
44.0	45.0	0.0283804194611675
48.0	46.0	0.009520219836040436
44.0	46.0	0.016020684340111762
46.0	46.0	0.027499165868303924
47.0	46.0	0.022011663264785257
45.0	46.0	0.03159541675349365
48.0	47.0	0.02930249864621124
47.0	47.0	0.022011663264785257
45.0	47.0	0.012710502020769565
46.0	47.0	0.027499165868303924
49.0	47.0	0.01431007920814462
50.0	48.0	0.014310079208144798
46.0	48.0	0.013612168409723414
49.0	48.0	0.03602417097119723
48.0	48.0	0.02930249864621124
47.0	48.0	0.022011663264785257
50.0	49.0	0.02749916586830221
49.0	49.0	0.019012912900298485
51.0	49.0	0.00952021983604085
48.0	49.0	0.03588750177042975
47.0	49.0	0.014310079208144498
48.0	50.0	0.010507579520576791
49.0	50.0	0.019012912900298485
50.0	50.0	0.02749916586830221
51.0	50.0	0.02800916399375899
52.0	50.0	0.014310079208144253
49.0	51.0	0.013612168409723027
53.0	51.0	0.014310079208144338
52.0	51.0	0.03318250260356477
51.0	51.0	0.02800916399375899
50.0	51.0	0.02749916586830221
51.0	52.0	0.02800916399375899
52.0	52.0	0.03318250260356477
53.0	52.0	0.03602417097119449
50.0	52.0	0.013612168409723239
54.0	52.0	0.010008331944774667
54.0	53.0	0.03349666659727464
52.0	53.0	0.02330499791723653
55.0	53.0	0.014310079208144453
53.0	53.0	0.019012912900295807
51.0	53.0	0.010008331944775264
56.0	54.0	0.014310079208144614
55.0	54.0	0.031889167951113746
54.0	54.0	0.03349666659727464
53.0	54.0	0.019012912900295807
52.0	54.0	0.013612168409722705
57.0	55.0	0.0197632543402016
53.0	55.0	0.01361216840972278
54.0	55.0	0.03349666659727464
55.0	55.0	0.031889167951113746
56.0	55.0	0.03318250260356471
58.0	56.0	0.013612168409722555
57.0	56.0	0.027792917065921723
56.0	56.0	0.03318250260356471
54.0	56.0	0.009520219836040065
55.0	56.0	0.031889167951113746
56.0	57.0	0.026303748281724208
59.0	57.0	0.014310079208144236
55.0	57.0	0.013612168409723019
57.0	57.0	0.029243333715229206
58.0	57.0	0.03543666857595011
59.0	58.0	0.03518166951322186
58.0	58.0	0.03408416899251768
60.0	58.0	0.010008331944775174
57.0	58.0	0.027244166805570885
56.0	58.0	0.0136121684097232
61.0	59.0	0.0143100792081443
58.0	59.0	0.028302915191379393
57.0	59.0	0.0197632543402016
59.0	59.0	0.027205414670677535
60.0	59.0	0.034594167117977366
61.0	60.0	0.021207913941705098
60.0	60.0	0.03259500020831935
62.0	60.0	0.013612168409722914
59.0	60.0	0.03518166951322186
58.0	60.0	0.014310079208144175
63.0	61.0	0.01000833194477532
59.0	61.0	0.013612168409722602
61.0	61.0	0.0338291699297911
62.0	61.0	0.03408416899251945
60.0	61.0	0.03259500020831927
64.0	62.0	0.024911246624936115
63.0	62.0	0.03220333194482497
62.0	62.0	0.02830291519138167
60.0	62.0	0.010008331944775174
61.0	62.0	0.024206664306192522
65.0	63.0	0.014310079208143983
64.0	63.0	0.024911246624936115
63.0	63.0	0.030204165035166756
62.0	63.0	0.02530416482689455
61.0	63.0	0.013612168409722784
63.0	64.0	0.03788666868008827
62.0	64.0	0.014310079208144406
64.0	64.0	0.0236963107906331
65.0	64.0	0.019012912900296726
66.0	64.0	0.03178157859025419
66.0	65.0	0.03178157859025419
64.0	65.0	0.0236963107906331
67.0	65.0	0.014310079208143837
65.0	65.0	0.019012912900296726
63.0	65.0	0.01000833194477532
68.0	66.0	0.013612168409722198
67.0	66.0	0.028890417586626322
66.0	66.0	0.030448622093330026
65.0	66.0	0.03512250458224042
64.0	66.0	0.024911246624936115
65.0	67.0	0.014310079208143983
67.0	67.0	0.028890417586626322
68.0	67.0	0.020149165555892686
66.0	67.0	0.030448622093330026
69.0	67.0	0.011613001500064906
66.0	68.0	0.030448622093330026
67.0	68.0	0.028890417586626322
70.0	68.0	0.01431007920814263
68.0	68.0	0.020149165555892686
69.0	68.0	0.014014995626152892
71.0	69.0	0.01431007920814215
70.0	69.0	0.030536668367678692
69.0	69.0	0.014014995626152892
68.0	69.0	0.020149165555892686
67.0	69.0	0.013612168409722255
68.0	70.0	0.013612168409722198
72.0	70.0	0.012506746430232784
70.0	70.0	0.030536668367678692
71.0	70.0	0.02808666826354241
69.0	70.0	0.014014995626152892
69.0	71.0	0.011613001500064906
72.0	71.0	0.027537918003191376
71.0	71.0	0.02808666826354241
73.0	71.0	0.013612168409719592
70.0	71.0	0.030536668367678692
71.0	72.0	0.02808666826354241
70.0	72.0	0.01431007920814263
72.0	72.0	0.027537918003191376
74.0	72.0	0.013612168409718572
73.0	72.0	0.022540000729046696
74.0	73.0	0.02918416878424398
73.0	73.0	0.020893749947991876
75.0	73.0	0.018823600572847644
72.0	73.0	0.023147915920378632
71.0	73.0	0.013612168409720588
72.0	74.0	0.00961383459040464
73.0	74.0	0.020893749947991876
76.0	74.0	0.02066492072914275
74.0	74.0	0.02918416878424398
75.0	74.0	0.03002667024221714
73.0	75.0	0.014310079208141015
76.0	75.0	0.02066492072914275
75.0	75.0	0.03002667024221714
77.0	75.0	0.019312421145712803
74.0	75.0	0.02918416878424398
77.0	76.0	0.019312421145712803
76.0	76.0	0.02066492072914275
78.0	76.0	0.012506746430224598
75.0	76.0	0.03002667024221714
74.0	76.0	0.014310079208139965
76.0	77.0	0.02373541831561053
77.0	77.0	0.018725683506966267
78.0	77.0	0.019012912900289336
75.0	77.0	0.017764087430540247
79.0	77.0	0.014310079208126554
76.0	78.0	0.021724433871451013
77.0	78.0	0.018725683506966267
79.0	78.0	0.03273166940906875
80.0	78.0	0.014310079208120451
78.0	78.0	0.019012912900289336
80.0	79.0	0.02783166920079133
79.0	79.0	0.03273166940906875
81.0	79.0	0.014472350624912223
78.0	79.0	0.019012912900289336
77.0	79.0	0.018725683506966267
82.0	80.0	0.013612168409684508
78.0	80.0	0.009613834590397092
81.0	80.0	0.023735418315605383
80.0	80.0	0.02783166920079133
79.0	80.0	0.03273166940906875
82.0	81.0	0.026146666284828226
83.0	81.0	0.014310079208090316
81.0	81.0	0.01824791571208869
80.0	81.0	0.018502914774813466
79.0	81.0	0.01361216840970414
80.0	82.0	0.013612168409697744
81.0	82.0	0.019149582101043835
84.0	82.0	0.027503102355460347
82.0	82.0	0.028145833194486245
83.0	82.0	0.033378336735256975
81.0	83.0	0.014472350624912223
84.0	83.0	0.026020284916167816
83.0	83.0	0.01820916357716369
85.0	83.0	0.030522203998184894
82.0	83.0	0.028890417586587294
85.0	84.0	0.030522203998184894
83.0	84.0	0.01820916357716369
82.0	84.0	0.013612168409684508
84.0	84.0	0.026020284916167816
86.0	84.0	0.01361216840955169
86.0	85.0	0.02124666607641795
87.0	85.0	0.011808835631658434
85.0	85.0	0.02892111821452938
84.0	85.0	0.027503102355460347
83.0	85.0	0.014310079208090316
84.0	86.0	0.026020284916167816
88.0	86.0	0.010008331944604853
86.0	86.0	0.027087084808545606
87.0	86.0	0.028145833194379168
85.0	86.0	0.030522203998184894
85.0	87.0	0.02892111821452938
89.0	87.0	0.012710502020559782
88.0	87.0	0.025304164826715898
87.0	87.0	0.027792917065768398
86.0	87.0	0.02124666607641795
87.0	88.0	0.027792917065768398
86.0	88.0	0.01431007920796444
88.0	88.0	0.025304164826715898
89.0	88.0	0.027478753072004387
90.0	88.0	0.013612168409342365
90.0	89.0	0.024245416440722405
88.0	89.0	0.03408416899234899
91.0	89.0	0.010008331944465479
89.0	89.0	0.015954997604631222
87.0	89.0	0.01031174538868101
91.0	90.0	0.03479000124941597
90.0	90.0	0.028145833194164967
92.0	90.0	0.017726100051788277
89.0	90.0	0.02195249833360618
88.0	90.0	0.010008331944604853
89.0	91.0	0.012310912298288262
91.0	91.0	0.030791667430099284
92.0	91.0	0.024539167638346678
90.0	91.0	0.024245416440722405
93.0	91.0	0.022152268952342246
90.0	92.0	0.014310079207782392
91.0	92.0	0.030791667430099284
94.0	92.0	0.01361216840895608
92.0	92.0	0.024539167638346678
93.0	92.0	0.022152268952342246
95.0	93.0	0.01431007920705644
94.0	93.0	0.031830003019325676
93.0	93.0	0.021218201773378194
91.0	93.0	0.0095202198357151
92.0	93.0	0.021795416336570696
96.0	94.0	0.010711335110181694
92.0	94.0	0.018861587950868945
94.0	94.0	0.031830003019325676
95.0	94.0	0.0255387510924473
93.0	94.0	0.021218201773378194
96.0	95.0	0.02724416680468709
95.0	95.0	0.022246249530390422
93.0	95.0	0.022152268952342246
94.0	95.0	0.02030624755198182
97.0	95.0	0.013408412818162978
94.0	96.0	0.01361216840895608
98.0	96.0	0.032038709379382836
97.0	96.0	0.028831252654618562
96.0	96.0	0.02724416680468709
95.0	96.0	0.022246249530390422
99.0	97.0	0.010711335109499405
98.0	97.0	0.032038709379382836
97.0	97.0	0.028831252654618562
96.0	97.0	0.02724416680468709
95.0	97.0	0.013612168408687968
97.0	98.0	0.018953747968238246
96.0	98.0	0.010711335110181694
100.0	98.0	0.009520219834073572
98.0	98.0	0.03548136913573693
99.0	98.0	0.030536668365987642
97.0	99.0	0.011613001498985663
100.0	99.0	0.02989000103948903
99.0	99.0	0.030536668365987642
101.0	99.0	0.015824850206079186
98.0	99.0	0.03548136913573693
99.0	100.0	0.030536668365987642
101.0	100.0	0.021030419146476985
100.0	100.0	0.02989000103948903
102.0	100.0	0.014667419995985071
98.0	100.0	0.03548136913573693
100.0	101.0	0.026597499477475594
103.0	101.0	0.010008331941365006
101.0	101.0	0.01641158784493781
102.0	101.0	0.030614172633472717
99.0	101.0	0.010711335109499405
104.0	102.0	0.0114092459055684
100.0	102.0	0.010008331942904241
102.0	102.0	0.030614172633472717
103.0	102.0	0.023304997913824187
101.0	102.0	0.01641158784493781
102.0	103.0	0.014667419995985071
101.0	103.0	0.015824850206079186
103.0	103.0	0.03318250259997707
104.0	103.0	0.023598749110692124
105.0	103.0	0.009520219831201555
103.0	104.0	0.023304997913824187
105.0	104.0	0.03053666836307801
106.0	104.0	0.013612168401272497
104.0	104.0	0.02853750145405924
102.0	104.0	0.019019434700606786
106.0	105.0	0.014308746815325053
105.0	105.0	0.03053666836307801
107.0	105.0	0.010711335103891627
104.0	105.0	0.02853750145405924
103.0	105.0	0.010008331941365006
105.0	106.0	0.03188916794651056
104.0	106.0	0.0114092459055684
108.0	106.0	0.01000833193638826
106.0	106.0	0.01630791372498319
107.0	106.0	0.027792917058705003
108.0	107.0	0.03188916794229558
107.0	107.0	0.02524499988832519
105.0	107.0	0.009520219831201555
106.0	107.0	0.02912500384438398
109.0	107.0	0.0143100791919577
107.0	108.0	0.02524499988832519
106.0	108.0	0.01431007919926081
110.0	108.0	0.014310079186293635
108.0	108.0	0.03188916794229558
109.0	108.0	0.024186251493916355
111.0	109.0	0.010008331926108982
110.0	109.0	0.01924749914508786
109.0	109.0	0.024186251493916355
108.0	109.0	0.03188916794229558
107.0	109.0	0.01140924590194304
108.0	110.0	0.01000833193638826
112.0	110.0	0.016020684319482427
110.0	110.0	0.024186251489317932
111.0	110.0	0.025304164809138604
109.0	110.0	0.019247499151541777
109.0	111.0	0.013612168394325651
113.0	111.0	0.016666586885874732
112.0	111.0	0.028380419440538086
111.0	111.0	0.025304164809138604
110.0	111.0	0.024186251489317932
111.0	112.0	0.025304164809138604
110.0	112.0	0.013612168388937845
112.0	112.0	0.028380419440538086
113.0	112.0	0.016666586885874732
114.0	112.0	0.02037193424403159
112.0	113.0	0.017954164492800535
115.0	113.0	0.011409245870016592
114.0	113.0	0.017666170318412857
113.0	113.0	0.02612625346358501
111.0	113.0	0.010008331926108982
115.0	114.0	0.026891250639380283
116.0	114.0	0.010711335067439624
114.0	114.0	0.026479169573384045
113.0	114.0	0.016666586885874732
112.0	114.0	0.016020684319482427
113.0	115.0	0.016666586885874732
114.0	115.0	0.026479169573384045
115.0	115.0	0.026891250639380283
116.0	115.0	0.02359874907118841
117.0	115.0	0.016824433612455333
114.0	116.0	0.017666170318412857
115.0	116.0	0.02524499985639822
118.0	116.0	0.014310079110216504
116.0	116.0	0.028537501412112865
117.0	116.0	0.019600415242201987
118.0	117.0	0.027478752974283205
117.0	117.0	0.019600415242201987
119.0	117.0	0.010711335027456793
116.0	117.0	0.028537501412112865
115.0	117.0	0.011409245870016592
116.0	118.0	0.011409245863621879
118.0	118.0	0.027478752974283205
119.0	118.0	0.023598749031205825
117.0	118.0	0.019600415242201987
120.0	118.0	0.009520219738849034
117.0	119.0	0.016824433612455333
118.0	119.0	0.01595499751167684
121.0	119.0	0.010711335003697121
119.0	119.0	0.028537501378450035
120.0	119.0	0.028596666296552244
122.0	120.0	0.02172443350580543
121.0	120.0	0.020599998642958032
120.0	120.0	0.028596666296552244
119.0	120.0	0.028537501378450035
118.0	120.0	0.013612168316570939
119.0	121.0	0.01140924582995852
123.0	121.0	0.00961383439468743
121.0	121.0	0.023598749007445134
122.0	121.0	0.023872087150735005
120.0	121.0	0.030595833206210253
120.0	122.0	0.009520219738849034
123.0	122.0	0.03602417076544203
122.0	122.0	0.020664920344749923
124.0	122.0	0.01031174514977609
121.0	122.0	0.02718500176166914
122.0	123.0	0.020664920344749923
121.0	123.0	0.011409245796611237
125.0	123.0	0.0125067461524957
123.0	123.0	0.03602417076544203
124.0	123.0	0.021952498094753036
124.0	124.0	0.030183752011685373
126.0	124.0	0.014310078723105057
125.0	124.0	0.022246249267234033
123.0	124.0	0.019012912704579246
122.0	124.0	0.02172443350580543
123.0	125.0	0.012506746224480373
124.0	125.0	0.021952498094753036
127.0	125.0	0.009613834154822943
125.0	125.0	0.025538750815797158
126.0	125.0	0.027537917493283475
124.0	126.0	0.01031174514977609
128.0	126.0	0.011808835125737301
127.0	126.0	0.0203062471171649
126.0	126.0	0.027537917493283475
125.0	126.0	0.025538750815797158
126.0	127.0	0.027537917493283475
125.0	127.0	0.0125067461524957
127.0	127.0	0.0203062471171649
128.0	127.0	0.030183751733002064
129.0	127.0	0.009520219248065917
129.0	128.0	0.028890417027324644
127.0	128.0	0.03183000260579151
130.0	128.0	0.017666169337842715
128.0	128.0	0.021952497852410827
126.0	128.0	0.014310078723105057
130.0	129.0	0.017666169337842715
129.0	129.0	0.028890417027324644
131.0	129.0	0.01776408655338968
128.0	129.0	0.021952497852410827
127.0	129.0	0.012506746015894627
128.0	130.0	0.010311744907434287
129.0	130.0	0.028890417027324644
132.0	130.0	0.010008330925666492
130.0	130.0	0.017666169337842715
131.0	130.0	0.01776408655338968
129.0	131.0	0.009520219248065917
132.0	131.0	0.023304996845877182
131.0	131.0	0.025832501369030585
133.0	131.0	0.017471099744675492
130.0	131.0	0.023127502044818893
133.0	132.0	0.024480001462981446
131.0	132.0	0.025832501369030585
130.0	132.0	0.020371933208558003
132.0	132.0	0.023304996845877182
134.0	132.0	0.013612166124474506
134.0	133.0	0.028380417287371302
135.0	133.0	0.010008330087837343
133.0	133.0	0.019600414111505413
132.0	133.0	0.034084167973411184
131.0	133.0	0.01776408655338968
132.0	134.0	0.009520218764681253
136.0	134.0	0.014310075624161717
134.0	134.0	0.015954995319580563
135.0	134.0	0.031889165998966684
133.0	134.0	0.024480001462981446
133.0	135.0	0.017471099744675492
137.0	135.0	0.011808832570241888
136.0	135.0	0.02314791233640043
135.0	135.0	0.031889165998966684
134.0	135.0	0.015954995319580563
135.0	136.0	0.031889165998966684
134.0	136.0	0.013612166124474506
136.0	136.0	0.02314791233640043
137.0	136.0	0.022599162598459007
138.0	136.0	0.013612162788919408
138.0	137.0	0.025538745472731463
136.0	137.0	0.02314791233640043
139.0	137.0	0.010311740587328384
137.0	137.0	0.022599162598459007
135.0	137.0	0.009520217883895612
140.0	138.0	0.009613829283928047
139.0	138.0	0.028890413019297144
138.0	138.0	0.022246244184751792
137.0	138.0	0.028086665351289244
136.0	138.0	0.013612165000533052
138.0	139.0	0.022246244184751792
137.0	139.0	0.010311742476571592
139.0	139.0	0.028890413019297144
140.0	139.0	0.021207908635223843
141.0	139.0	0.01000832577952629
138.0	140.0	0.01431007386147065
139.0	140.0	0.028890413019297144
142.0	140.0	0.01511900663224766
140.0	140.0	0.021207908635223843
141.0	140.0	0.0255979098592685
143.0	141.0	0.01772609038311417
142.0	141.0	0.025675408975392704
141.0	141.0	0.0255979098592685
139.0	141.0	0.011808831064484772
140.0	141.0	0.021207908635223843
144.0	142.0	0.009520208026254785
140.0	142.0	0.012506740851687258
142.0	142.0	0.014310067308902488
143.0	142.0	0.025087907734281285
141.0	142.0	0.02943916136563066
144.0	143.0	0.0253041530171098
143.0	143.0	0.025087907734281285
141.0	143.0	0.009520213354692603
142.0	143.0	0.014310067308902488
145.0	143.0	0.016922337008054775
146.0	144.0	0.02037191032590203
142.0	144.0	0.01511900663224766
145.0	144.0	0.01531407427457713
144.0	144.0	0.03408415775870406
143.0	144.0	0.02124665640756232
146.0	145.0	0.031064981869814195
147.0	145.0	0.014310046862651946
145.0	145.0	0.01531407427457713
144.0	145.0	0.03408415775870406
143.0	145.0	0.01772609038311417
144.0	146.0	0.009520208026254785
145.0	146.0	0.027027906156722847
148.0	146.0	0.010311716341442994
146.0	146.0	0.017666145173975443
147.0	146.0	0.027537883999312274
145.0	147.0	0.01531407427457713
148.0	147.0	0.029792056344854
147.0	147.0	0.02514705048454653
149.0	147.0	0.009520187733713995
146.0	147.0	0.031966648258769305
149.0	148.0	0.029498300675631833
148.0	148.0	0.03279080670934132
150.0	148.0	0.014310020270813765
147.0	148.0	0.028145800849034064
146.0	148.0	0.02037191032590203
148.0	149.0	0.028145804147142246
149.0	149.0	0.03188913420286467
150.0	149.0	0.02344160515888943
147.0	149.0	0.013612134405841601
151.0	149.0	0.009613781662617229
148.0	150.0	0.011808808001085134
149.0	150.0	0.026146634182540988
151.0	150.0	0.03382911958331906
152.0	150.0	0.00952016134178813
150.0	150.0	0.020893691010660666
152.0	151.0	0.027499107374046167
151.0	151.0	0.03382911958331906
153.0	151.0	0.011808767671187935
150.0	151.0	0.020893691010660666
149.0	151.0	0.009520187733713995
154.0	152.0	0.013612043639393152
150.0	152.0	0.014310020270813765
152.0	152.0	0.027499107374046167
151.0	152.0	0.03382911958331906
153.0	152.0	0.022599097699403724
154.0	153.0	0.022539875958718626
153.0	153.0	0.022599097699403724
155.0	153.0	0.024922677812033275
152.0	153.0	0.027499107374046167
151.0	153.0	0.012506696083763582
156.0	154.0	0.009613704409054872
152.0	154.0	0.010008270451458228
154.0	154.0	0.02089361878055296
155.0	154.0	0.028600490828082675
153.0	154.0	0.02808659681850431
157.0	155.0	0.011808684382658353
156.0	155.0	0.02120778376035201
155.0	155.0	0.028600490828082675
153.0	155.0	0.010311673943787625
154.0	155.0	0.02089361878055296
158.0	156.0	0.01766589268319334
157.0	156.0	0.02259901441087552
156.0	156.0	0.02120778376035201
155.0	156.0	0.028600490828082675
154.0	156.0	0.01430994804070326
156.0	157.0	0.02120778376035201
155.0	157.0	0.028600490828082675
157.0	157.0	0.02259901441087552
158.0	157.0	0.01766589268319334
159.0	157.0	0.011409008703640124
159.0	158.0	0.027792691428700955
157.0	158.0	0.02808652439089902
160.0	158.0	0.010711072958058895
158.0	158.0	0.020481404749617606
156.0	158.0	0.012506622597902074
160.0	159.0	0.022305152309356802
159.0	159.0	0.027792691428700955
161.0	159.0	0.016824129084802273
158.0	159.0	0.020481404749617606
157.0	159.0	0.010311601516181712
158.0	160.0	0.01766589268319334
159.0	160.0	0.02724392959968203
160.0	160.0	0.03273139381516215
161.0	160.0	0.019600095101084212
162.0	160.0	0.021723343854902495
159.0	161.0	0.011409008703640124
160.0	161.0	0.03273139381516215
163.0	161.0	0.016666003477496086
161.0	161.0	0.019600095101084212
162.0	161.0	0.02477266388878559
163.0	162.0	0.031123615784909735
162.0	162.0	0.02066388387333024
164.0	162.0	0.009519575043579896
161.0	162.0	0.02673386410172247
160.0	162.0	0.010711072958058895
161.0	163.0	0.016862100847129826
163.0	163.0	0.017208996690041407
164.0	163.0	0.0360826580505
162.0	163.0	0.02567433027774081
165.0	163.0	0.009613047039117186
162.0	164.0	0.02066388387333024
163.0	164.0	0.03202528217386486
166.0	164.0	0.013610793044368968
164.0	164.0	0.026205186423388656
165.0	164.0	0.030535919225720715
167.0	165.0	0.009519044947575824
166.0	165.0	0.028379044095811264
165.0	165.0	0.030535919225720715
164.0	165.0	0.026205186423388656
163.0	165.0	0.019920546115541247
164.0	166.0	0.010007654093098122
168.0	166.0	0.010310310376817445
166.0	166.0	0.015953551722983315
167.0	166.0	0.031887932824830115
165.0	166.0	0.023147128369091278
165.0	167.0	0.009613047039117186
168.0	167.0	0.026145231272856968
167.0	167.0	0.031887932824830115
169.0	167.0	0.012505079184141241
166.0	167.0	0.015953551722983315
167.0	168.0	0.031887932824830115
166.0	168.0	0.014308633326300883
168.0	168.0	0.026145231272856968
170.0	168.0	0.013609107477836531
169.0	168.0	0.027536250757100974
170.0	169.0	0.02882819172375931
171.0	169.0	0.00961121982804237
169.0	169.0	0.027536250757100974
168.0	169.0	0.026145231272856968
167.0	169.0	0.010007096818490704
168.0	170.0	0.011807470606164057
169.0	170.0	0.023146329986840273
172.0	170.0	0.010308855629505537
170.0	170.0	0.018950836320841387
171.0	170.0	0.03382668269089307
169.0	171.0	0.012505079184141241
172.0	171.0	0.02978904605512993
171.0	171.0	0.02320446608899992
173.0	171.0	0.00951669027603235
170.0	171.0	0.029729858112714416
173.0	172.0	0.031885810529776785
172.0	172.0	0.028142943435204557
174.0	172.0	0.018500687302169916
171.0	172.0	0.03472834907984821
170.0	172.0	0.014307167559667884
172.0	173.0	0.028142943435204557
173.0	173.0	0.031885810529776785
174.0	173.0	0.018500687302169916
171.0	173.0	0.01250425919133586
175.0	173.0	0.01775882194575112
172.0	174.0	0.011805797711361204
173.0	174.0	0.026143136724858858
175.0	174.0	0.02282821647469937
176.0	174.0	0.009513788558392822
174.0	174.0	0.021956306173058323
176.0	175.0	0.030785236152762647
175.0	175.0	0.022828216474699407
177.0	175.0	0.011401773830936435
174.0	175.0	0.021956306173058323
173.0	175.0	0.00951669027603235
178.0	176.0	0.03035822518563771
174.0	176.0	0.018500687302169916
177.0	176.0	0.021494557478305316
176.0	176.0	0.02859054876846904
175.0	176.0	0.01775882194575112
178.0	177.0	0.03035822518563771
179.0	177.0	0.013584543458125703
177.0	177.0	0.021494557478305316
176.0	177.0	0.02859054876846904
175.0	177.0	0.01775882194575112
176.0	178.0	0.01000221432423945
177.0	178.0	0.021494557478305316
180.0	178.0	0.013574878625500697
178.0	178.0	0.03035822518563771
179.0	178.0	0.0202786226011524
177.0	179.0	0.011401773830936435
180.0	179.0	0.02091371320663176
179.0	179.0	0.03180096170697858
181.0	179.0	0.011775348098837856
178.0	179.0	0.028873064120507885
181.0	180.0	0.024760679168461065
179.0	180.0	0.03180096170697858
178.0	180.0	0.028873064120507885
180.0	180.0	0.02091371320663176
182.0	180.0	0.01355068794929611
182.0	181.0	0.0241839359806571
183.0	181.0	0.013529178468722104
181.0	181.0	0.024760679168461065
180.0	181.0	0.02091371320663176
179.0	181.0	0.014281037894991449
180.0	182.0	0.014270877535801458
184.0	182.0	0.01133835280166993
182.0	182.0	0.0241839359806571
183.0	182.0	0.022163259590425848
181.0	182.0	0.024760679168461065
181.0	183.0	0.010279891062108517
185.0	183.0	0.013488361966081316
184.0	183.0	0.020238811942557063
183.0	183.0	0.025459808619718558
182.0	183.0	0.026381935459500568
183.0	184.0	0.025459808619718558
182.0	184.0	0.014251597185154641
184.0	184.0	0.020238811942557063
185.0	184.0	0.0191828576542802
186.0	184.0	0.020355038322874056
186.0	185.0	0.023425535909341454
184.0	185.0	0.020238811942557063
187.0	185.0	0.009842467108141498
185.0	185.0	0.0191828576542802
183.0	185.0	0.01423113673432695
188.0	186.0	0.013307653695761475
186.0	186.0	0.023425535909341454
187.0	186.0	0.0231391330806032
185.0	186.0	0.0191828576542802
184.0	186.0	0.01064389950091783
185.0	187.0	0.013488361966081316
187.0	187.0	0.0231391330806032
188.0	187.0	0.02094215136263519
186.0	187.0	0.023425535909341454
189.0	187.0	0.013201116541045749
186.0	188.0	0.020355038322874056
187.0	188.0	0.0231391330806032
190.0	188.0	0.011959776436576312
188.0	188.0	0.02094215136263519
189.0	188.0	0.027969367592491235
191.0	189.0	0.013665421553628834
190.0	189.0	0.028833032922338964
189.0	189.0	0.027969367592491235
187.0	189.0	0.009842467108141498
188.0	189.0	0.02094215136263519
192.0	190.0	0.013439882395325377
188.0	190.0	0.013307653695761475
190.0	190.0	0.028833032922338964
191.0	190.0	0.02160159187690997
189.0	190.0	0.027969367592491235
192.0	191.0	0.02139060170493043
191.0	191.0	0.024861041134284903
189.0	191.0	0.013877952259492952
190.0	191.0	0.021132526156799638
193.0	191.0	0.009929867878969203
190.0	192.0	0.012341363038240889
194.0	192.0	0.012875367213154453
193.0	192.0	0.020720197907185524
192.0	192.0	0.02139060170493043
191.0	192.0	0.024861041134284903
195.0	193.0	0.012373420585372372
194.0	193.0	0.024750706424771278
193.0	193.0	0.020720197907185524
192.0	193.0	0.02139060170493043
191.0	193.0	0.012934458450473009
193.0	194.0	0.020720197907185524
192.0	194.0	0.012697355652247616
196.0	194.0	0.010852380286808943
194.0	194.0	0.024750706424771278
195.0	194.0	0.023308341273142817
193.0	195.0	0.010665891284035996
196.0	195.0	0.017439231145773528
195.0	195.0	0.025049044009775128
197.0	195.0	0.04384683428871003
194.0	195.0	0.018784425290575404
195.0	196.0	0.025049044009775128
197.0	196.0	0.04384683428871003
196.0	196.0	0.017439231145773542
198.0	196.0	0.014492998025942729
194.0	196.0	0.012247428144404118
196.0	197.0	0.017439231145773542
199.0	197.0	0.0064411128494328085
197.0	197.0	0.04384683428871003
198.0	197.0	0.01924773377186144
195.0	197.0	0.011769961742528876
200.0	198.0	0.007203904177288959
196.0	198.0	0.008040152835882072
198.0	198.0	0.019247733771861453
199.0	198.0	0.02137436735651941
197.0	198.0	0.04384683428871003
198.0	199.0	0.01306272123946248
197.0	199.0	0.04196479740869595
199.0	199.0	0.022822166563610496
200.0	199.0	0.0065444792104243235
201.0	199.0	0.0035280260288123137
199.0	200.0	0.02282216656361051
201.0	200.0	0.009222521717009793
202.0	200.0	0.0036966611630717943
200.0	200.0	0.0065444792104243366
198.0	200.0	0.01306272123946248
203.0	201.0	0.00910508004157626
202.0	201.0	0.02366658507903328
201.0	201.0	0.012221272081496459
200.0	201.0	0.008543646120082153
199.0	201.0	0.0077397515184542695
204.0	202.0	0.01000833194510015
201.0	202.0	0.023139336455509807
200.0	202.0	0.007203904177288959
202.0	202.0	0.013111701857379325
203.0	202.0	0.01797894603226119
205.0	203.0	0.012710502020767763
204.0	203.0	0.03549583350693346
203.0	203.0	0.024880836006339183
201.0	203.0	0.0035280260288123137
202.0	203.0	0.02366658507903328
206.0	204.0	0.014310079209288383
205.0	204.0	0.03243791821146763
204.0	204.0	0.034594167117979545
203.0	204.0	0.022881669096682194
202.0	204.0	0.0036966611630717943
204.0	205.0	0.03459416711797966
203.0	205.0	0.00910508004157626
205.0	205.0	0.03243791821146787
206.0	205.0	0.028890417586629403
207.0	205.0	0.009520219837233874
207.0	206.0	0.0293024986462175
205.0	206.0	0.03243791821146816
208.0	206.0	0.01340841281918979
206.0	206.0	0.028890417586629802
204.0	206.0	0.009520219836349725
208.0	207.0	0.025010413629278458
207.0	207.0	0.03588750177043648
209.0	207.0	0.019763254340202284
206.0	207.0	0.026146666284871948
205.0	207.0	0.012310912298486206
206.0	208.0	0.013612168410810897
207.0	208.0	0.03588750177043693
208.0	208.0	0.02501041362927899
209.0	208.0	0.02150166513933737
210.0	208.0	0.014310079213231651
207.0	209.0	0.010907169242858552
208.0	209.0	0.025010413629279624
211.0	209.0	0.011613001500064658
209.0	209.0	0.021501665139338585
210.0	209.0	0.036534169096667284
211.0	210.0	0.026303748281745996
210.0	210.0	0.036534169096668505
212.0	210.0	0.012710502020767372
209.0	210.0	0.021501665139340095
208.0	210.0	0.011613001500065062
209.0	211.0	0.01972526696180666
211.0	211.0	0.03453500218702149
212.0	211.0	0.029949165972460525
210.0	211.0	0.0272054146706929
213.0	211.0	0.020822767482509455
210.0	212.0	0.013612168414562056
211.0	212.0	0.0345350021870236
214.0	212.0	0.014310079264644155
212.0	212.0	0.029949165972462947
213.0	212.0	0.029732919044648806
215.0	213.0	0.019312421145724786
214.0	213.0	0.03024291717011702
213.0	213.0	0.029732919044654246
212.0	213.0	0.029949165972465764
211.0	213.0	0.013408412819189412
212.0	214.0	0.012310912298485887
216.0	214.0	0.012310912298486488
214.0	214.0	0.03024291717012254
215.0	214.0	0.02224624953152894
213.0	214.0	0.029732919044661035
213.0	215.0	0.01866575381949883
216.0	215.0	0.028302915191495054
215.0	215.0	0.02553875109364721
217.0	215.0	0.019312421145725102
214.0	215.0	0.029145416649422343
215.0	216.0	0.025538751093656567
214.0	216.0	0.013612168463466997
216.0	216.0	0.028302915191505934
218.0	216.0	0.02066492138389192
217.0	216.0	0.02014916555611067
219.0	217.0	0.0240095802359818
217.0	217.0	0.02014916555613503
218.0	217.0	0.022246249531769242
216.0	217.0	0.028302915191518552
215.0	217.0	0.01872568350697759
216.0	218.0	0.012710502020767955
218.0	218.0	0.022246249531794007
219.0	218.0	0.029125003853952832
217.0	218.0	0.020149165556165496
220.0	218.0	0.014310082451066363
217.0	219.0	0.019312421145725102
218.0	219.0	0.022246249531825094
221.0	219.0	0.02037193428803229
219.0	219.0	0.02912500385401284
220.0	219.0	0.03183000302133484
222.0	220.0	0.011613001500064425
221.0	220.0	0.029184168785403076
220.0	220.0	0.03183000302142882
218.0	220.0	0.02066492138389192
219.0	220.0	0.029125003854082454
223.0	221.0	0.017666170364670275
219.0	221.0	0.0240095802359818
221.0	221.0	0.029184168785553966
222.0	221.0	0.023304997920152202
220.0	221.0	0.031830003021614504
223.0	222.0	0.017666170364670275
222.0	222.0	0.023304997920545304
220.0	222.0	0.014310082451066363
221.0	222.0	0.02918416878575764
224.0	222.0	0.01361220791659712
225.0	223.0	0.0407487502333172
221.0	223.0	0.017666170364670036
224.0	223.0	0.026950415613340314
223.0	223.0	0.029125003859346625
222.0	223.0	0.03318250260740679
225.0	224.0	0.0407487502333172
224.0	224.0	0.026950415613802303
226.0	224.0	0.01602068434011275
223.0	224.0	0.02912500385991517
222.0	224.0	0.013408412819189355
223.0	225.0	0.020371934288032783
224.0	225.0	0.026950415614715128
225.0	225.0	0.0407487502333172
226.0	225.0	0.027560671466052587
227.0	225.0	0.01872568350697762
224.0	226.0	0.01361220791659712
228.0	226.0	0.01766693512116667
227.0	226.0	0.024963808636092568
226.0	226.0	0.014807523576437257
225.0	226.0	0.04083640578996358
226.0	227.0	0.017954164993418634
227.0	227.0	0.025538751559395403
228.0	227.0	0.03331917322397834
225.0	227.0	0.04083640578996358
229.0	227.0	0.020666981488756227
229.0	228.0	0.02172660028846769
227.0	228.0	0.022246250108092544
230.0	228.0	0.025151019317245938
228.0	228.0	0.013612674378360617
226.0	228.0	0.01602068434011275
231.0	229.0	0.024920604262774974
229.0	229.0	0.02172660028846769
230.0	229.0	0.02702793082768415
228.0	229.0	0.013612674378360617
227.0	229.0	0.01872568350697762
232.0	230.0	0.03784088876043254
228.0	230.0	0.01766693512116667
229.0	230.0	0.020666981488756227
230.0	230.0	0.022570701357247643
231.0	230.0	0.023705212051089622
233.0	231.0	0.021783171153416228
232.0	231.0	0.03784088876043254
231.0	231.0	0.023705212051089622
229.0	231.0	0.020666981488756227
230.0	231.0	0.022570701357247643
231.0	232.0	0.024920604262774974
230.0	232.0	0.025151019317245938
232.0	232.0	0.04338103261502332
233.0	232.0	0.020720793360064552
234.0	232.0	0.02157111790241887
235.0	233.0	0.02265708065254868
232.0	233.0	0.04338103261502332
231.0	233.0	0.024920604262774974
233.0	233.0	0.020720793360064552
234.0	233.0	0.02157111790241887
232.0	234.0	0.03784088876043254
233.0	234.0	0.021783171153416228
236.0	234.0	0.04904319138858963
235.0	234.0	0.020955848391182655
234.0	234.0	0.027027919877734403
235.0	235.0	0.02265708065254868
236.0	235.0	0.046651326720246404
237.0	235.0	0.036701121885034
233.0	235.0	0.020720793360064552
234.0	235.0	0.02157111790241887
235.0	236.0	0.020955848391182655
234.0	236.0	0.024700186122768066
238.0	236.0	0.005
236.0	236.0	0.04904319138858963
237.0	236.0	0.03858282864231007
238.0	237.0	0.05
237.0	237.0	0.036701121885034
235.0	237.0	0.02265708065254868
236.0	237.0	0.046651326720246404
239.0	237.0	0.005
237.0	238.0	0.05
236.0	238.0	0.0
240.0	238.0	0.005
238.0	238.0	0.05
239.0	238.0	0.05
241.0	239.0	0.005
239.0	239.0	0.05
240.0	239.0	0.05
238.0	239.0	0.05
237.0	239.0	0.018139775453970036
238.0	240.0	0.005
242.0	240.0	0.005
239.0	240.0	0.05
240.0	240.0	0.075
241.0	240.0	0.05
239.0	241.0	0.005
243.0	241.0	0.005
241.0	241.0	0.075
242.0	241.0	0.05
240.0	241.0	0.05
241.0	242.0	0.05
240.0	242.0	0.005
242.0	242.0	0.075
243.0	242.0	0.05
244.0	242.0	0.005
242.0	243.0	0.05
245.0	243.0	0.005
243.0	243.0	0.075
244.0	243.0	0.05
241.0	243.0	0.005
246.0	244.0	0.005
244.0	244.0	0.075
245.0	244.0	0.05
242.0	244.0	0.005
243.0	244.0	0.05
244.0	245.0	0.05
243.0	245.0	0.005
247.0	245.0	0.005
245.0	245.0	0.075
246.0	245.0	0.05
244.0	246.0	0.005
247.0	246.0	0.05
246.0	246.0	0.05
248.0	246.0	0.011295955197694777
245.0	246.0	0.05
248.0	247.0	0.05
246.0	247.0	0.05
245.0	247.0	0.005
247.0	247.0	0.05
249.0	247.0	0.0
248.0	248.0	0.05
249.0	248.0	0.03136912793985836
247.0	248.0	0.05
246.0	248.0	0.005
247.0	249.0	0.005
248.0	249.0	0.05
249.0	249.0	0.03136912793985836
248.0	250.0	0.0489901554254526
249.0	250.0	0.02983923751732063
