# columns = ['i', 'j', 'w', 'e', 'i', 'g', 'h', 't']
0.0	0.0	5.2061189654286655e-05
1.0	0.0	6.626872012851155e-05
2.0	0.0	7.427642737911847e-05
3.0	0.0	7.13290323413506e-05
4.0	0.0	5.234704449456974e-05
0.0	1.0	6.0221633596748084e-05
1.0	1.0	4.366097876483485e-05
2.0	1.0	5.630387551089303e-05
3.0	1.0	3.549289832441574e-05
4.0	1.0	5.204457246514211e-05
0.0	2.0	5.227279472186024e-05
1.0	2.0	5.9026864582517044e-05
2.0	2.0	4.0846576731397294e-05
3.0	2.0	5.1039972976832245e-05
4.0	2.0	5.293102373085242e-05
0.0	3.0	5.1259697062708185e-05
1.0	3.0	3.673234829221402e-05
2.0	3.0	3.0064216921614774e-05
3.0	3.0	3.816463979669809e-05
4.0	3.0	5.4613293751188766e-05
0.0	4.0	4.0736827308424727e-05
1.0	4.0	3.892853900226641e-05
2.0	4.0	5.16624498819083e-05
3.0	4.0	5.063397034766114e-05
4.0	4.0	4.2113691408551094e-05
0.0	5.0	5.5749627840868126e-05
1.0	5.0	5.1569758226039586e-05
2.0	5.0	4.4215667063388064e-05
3.0	5.0	6.143994297419278e-05
4.0	5.0	3.3669451914892923e-05
0.0	6.0	5.8374766361892e-05
1.0	6.0	5.384195092224855e-05
2.0	6.0	3.92479169443528e-05
3.0	6.0	6.944609428211953e-05
4.0	6.0	6.475789946136531e-05
0.0	7.0	2.724418111927914e-05
1.0	7.0	5.876857891616611e-05
2.0	7.0	6.236011252864456e-05
3.0	7.0	4.492458364709468e-05
4.0	7.0	3.6779604242485076e-05
0.0	8.0	4.0243480059198815e-05
1.0	8.0	5.0744600665039565e-05
2.0	8.0	4.461000368043991e-05
3.0	8.0	4.86171057341101e-05
4.0	8.0	3.720512856368156e-05
0.0	9.0	4.905204873444755e-05
1.0	9.0	5.0015819201519e-05
2.0	9.0	6.408547134895369e-05
3.0	9.0	3.922629545321617e-05
4.0	9.0	3.905486963426462e-05
0.0	10.0	5.469327124747851e-05
1.0	10.0	4.846306426082173e-05
2.0	10.0	5.408490297714677e-05
3.0	10.0	3.7826426748351974e-05
4.0	10.0	3.8023056958864625e-05
0.0	11.0	5.677056778870537e-05
1.0	11.0	5.0481800598483355e-05
2.0	11.0	5.2830573793152966e-05
3.0	11.0	5.2029751967848896e-05
4.0	11.0	4.325630682007856e-05
0.0	12.0	3.5098075397950695e-05
1.0	12.0	5.63551299205063e-05
2.0	12.0	4.226787862677272e-05
3.0	12.0	4.115312950409115e-05
4.0	12.0	4.673195956595206e-05
0.0	13.0	4.1219316905761655e-05
1.0	13.0	4.4308109402424975e-05
2.0	13.0	4.146824742760742e-05
3.0	13.0	5.448455557991036e-05
4.0	13.0	3.887902162436774e-05
0.0	14.0	5.524770670496935e-05
1.0	14.0	4.983471453237132e-05
2.0	14.0	5.7797441957798974e-05
3.0	14.0	4.598386208946484e-05
4.0	14.0	5.459478777260021e-05
0.0	15.0	3.978048528378876e-05
1.0	15.0	5.1589903112310017e-05
2.0	15.0	4.41292312995871e-05
3.0	15.0	6.587316090622279e-05
4.0	15.0	5.1500995828865324e-05
0.0	16.0	5.607288593856921e-05
1.0	16.0	5.019359121981685e-05
2.0	16.0	3.85730847967751e-05
3.0	16.0	5.358776059320735e-05
4.0	16.0	7.323930594842519e-05
0.0	17.0	5.7593492052944596e-05
1.0	17.0	4.013455138654006e-05
2.0	17.0	5.546214348918679e-05
3.0	17.0	5.2447554989776705e-05
4.0	17.0	5.523391405322129e-05
0.0	18.0	3.660469812632468e-05
1.0	18.0	4.705707512198144e-05
2.0	18.0	3.7407586120916195e-05
3.0	18.0	4.092514893917671e-05
4.0	18.0	5.248850360611298e-05
0.0	19.0	4.840946037649709e-05
1.0	19.0	4.626193994424183e-05
2.0	19.0	5.464481862047619e-05
3.0	19.0	4.517656108971313e-05
4.0	19.0	4.140112768272821e-05
0.0	20.0	4.963177866875046e-05
1.0	20.0	5.108745202023972e-05
2.0	20.0	2.8505043169140333e-05
3.0	20.0	5.004762197307916e-05
4.0	20.0	6.274295865626229e-05
0.0	21.0	5.2036420689664834e-05
1.0	21.0	5.5865337822075504e-05
2.0	21.0	5.904284817890716e-05
3.0	21.0	4.84603423775179e-05
4.0	21.0	4.9475637810757297e-05
0.0	22.0	4.3384684574519986e-05
1.0	22.0	3.597826429278582e-05
2.0	22.0	4.158319605694376e-05
3.0	22.0	4.319701494154602e-05
4.0	22.0	2.913558194826892e-05
0.0	23.0	4.372912523394964e-05
1.0	23.0	5.301695940831453e-05
2.0	23.0	3.877506299808654e-05
3.0	23.0	4.876862229007795e-05
4.0	23.0	4.165865324200624e-05
0.0	24.0	5.6522286592729913e-05
1.0	24.0	4.360701204465949e-05
2.0	24.0	3.804871147583976e-05
3.0	24.0	3.513861494536675e-05
4.0	24.0	3.60868269897466e-05
0.0	25.0	4.887887776911659e-05
1.0	25.0	4.689853391531481e-05
2.0	25.0	6.046210274766527e-05
3.0	25.0	4.05162966984445e-05
4.0	25.0	5.21497933420971e-05
0.0	26.0	7.568001383976337e-05
1.0	26.0	4.875100536187635e-05
2.0	26.0	5.8259976368830375e-05
3.0	26.0	5.196735280504222e-05
4.0	26.0	4.8927503321232004e-05
0.0	27.0	4.498474526723523e-05
1.0	27.0	4.10531043141274e-05
2.0	27.0	3.931122086198974e-05
3.0	27.0	4.092295313225965e-05
4.0	27.0	4.972094966131832e-05
0.0	28.0	5.366747345907653e-05
1.0	28.0	6.044404421593706e-05
2.0	28.0	4.1424192789616304e-05
3.0	28.0	4.825387039499893e-05
4.0	28.0	4.881583949949392e-05
0.0	29.0	5.017089510000459e-05
1.0	29.0	5.2055061413004675e-05
2.0	29.0	4.798453637995932e-05
3.0	29.0	5.470238267118816e-05
4.0	29.0	4.8747423379110646e-05
0.0	30.0	6.787424027165548e-05
1.0	30.0	4.836723576728431e-05
2.0	30.0	4.36590628044547e-05
3.0	30.0	4.584442185370557e-05
4.0	30.0	4.134266218095093e-05
0.0	31.0	5.6135511778685244e-05
1.0	31.0	5.3965887943638656e-05
2.0	31.0	4.8034325417778087e-05
3.0	31.0	4.748897504561507e-05
4.0	31.0	5.921058365227801e-05
0.0	32.0	5.129682997989329e-05
1.0	32.0	7.865427386876089e-05
2.0	32.0	4.679271753503845e-05
3.0	32.0	5.8018551527996246e-05
4.0	32.0	6.626904146664945e-05
0.0	33.0	6.775234027378125e-05
1.0	33.0	6.594811799940124e-05
2.0	33.0	3.8181776715849785e-05
3.0	33.0	5.1764207117093476e-05
4.0	33.0	4.3299549199451385e-05
0.0	34.0	3.609335734140772e-05
1.0	34.0	5.898694784465227e-05
2.0	34.0	5.494586152997328e-05
3.0	34.0	4.5928986921201404e-05
4.0	34.0	4.337998728949505e-05
0.0	35.0	4.641640869761681e-05
1.0	35.0	3.939223254543564e-05
2.0	35.0	6.170215246291917e-05
3.0	35.0	4.653727772574699e-05
4.0	35.0	5.046408196433352e-05
0.0	36.0	4.8949238337325924e-05
1.0	36.0	5.236046143790353e-05
2.0	36.0	5.6851043164678397e-05
3.0	36.0	5.8855240322786876e-05
4.0	36.0	5.276292464951122e-05
0.0	37.0	4.408069590573856e-05
1.0	37.0	4.3871732987375495e-05
2.0	37.0	4.866701571894936e-05
3.0	37.0	3.0206059617081286e-05
4.0	37.0	5.1334290797902766e-05
0.0	38.0	4.5344918489178836e-05
1.0	38.0	5.310999132649124e-05
2.0	38.0	4.608814393943003e-05
3.0	38.0	4.737620855691217e-05
4.0	38.0	4.654031649201921e-05
0.0	39.0	4.776364841425115e-05
1.0	39.0	6.657862641856852e-05
2.0	39.0	5.1201605682722835e-05
3.0	39.0	3.229448930757379e-05
4.0	39.0	5.350205692628124e-05
0.0	40.0	4.524068961882642e-05
1.0	40.0	5.673797750226888e-05
2.0	40.0	5.5133075221203034e-05
3.0	40.0	6.23768155943921e-05
4.0	40.0	5.9022456279945994e-05
0.0	41.0	5.3021659126336105e-05
1.0	41.0	5.744449909847856e-05
2.0	41.0	5.225073542258288e-05
3.0	41.0	5.6031214523946126e-05
4.0	41.0	4.670049498435843e-05
0.0	42.0	6.018249773227217e-05
1.0	42.0	6.59811370281625e-05
2.0	42.0	3.6655484764873365e-05
3.0	42.0	5.657441528178817e-05
4.0	42.0	7.026832034524291e-05
0.0	43.0	5.341886242426896e-05
1.0	43.0	4.585351603057599e-05
2.0	43.0	5.546876039275456e-05
3.0	43.0	4.327671192264519e-05
4.0	43.0	5.1916274589697946e-05
0.0	44.0	6.096800930883554e-05
1.0	44.0	3.440976654906393e-05
2.0	44.0	4.231802599036574e-05
3.0	44.0	3.7641059046499245e-05
4.0	44.0	4.415543605073672e-05
0.0	45.0	6.606616322038823e-05
1.0	45.0	4.228640956582193e-05
2.0	45.0	4.426272396301654e-05
3.0	45.0	5.490187152632852e-05
4.0	45.0	5.095544769942067e-05
0.0	46.0	6.645886204636033e-05
1.0	46.0	5.261410765992477e-05
2.0	46.0	5.8868790408894504e-05
3.0	46.0	6.928793430694316e-05
4.0	46.0	6.658808174266894e-05
0.0	47.0	4.1488230020700485e-05
1.0	47.0	5.41530536360855e-05
2.0	47.0	5.914739331386504e-05
3.0	47.0	4.938701078202461e-05
4.0	47.0	4.768859024993485e-05
0.0	48.0	3.170314401539769e-05
1.0	48.0	4.797638566668909e-05
2.0	48.0	4.630758711051908e-05
3.0	48.0	4.6153711311554e-05
4.0	48.0	3.4880650907455795e-05
0.0	49.0	6.609760468967516e-05
1.0	49.0	5.263944975253953e-05
2.0	49.0	5.475841356257008e-05
3.0	49.0	6.062404299639819e-05
4.0	49.0	3.82899990467877e-05
0.0	50.0	3.5762468686491426e-05
1.0	50.0	6.0270314373394955e-05
2.0	50.0	5.3597867774216405e-05
3.0	50.0	6.623540348100923e-05
4.0	50.0	4.821614713614082e-05
0.0	51.0	3.277460163877913e-05
1.0	51.0	4.2188696351975536e-05
2.0	51.0	4.859164373495299e-05
3.0	51.0	5.491550200041055e-05
4.0	51.0	3.8207999842399224e-05
0.0	52.0	4.0015221880399174e-05
1.0	52.0	6.0873524735154096e-05
2.0	52.0	5.63725543251352e-05
3.0	52.0	5.201438662915636e-05
4.0	52.0	5.620023733932321e-05
0.0	53.0	5.73477405318481e-05
1.0	53.0	4.380435995600163e-05
2.0	53.0	3.771779240678589e-05
3.0	53.0	6.25567889158107e-05
4.0	53.0	6.125038458340181e-05
0.0	54.0	4.350463677057411e-05
1.0	54.0	6.205155688664714e-05
2.0	54.0	6.387056605271816e-05
3.0	54.0	4.751281379951526e-05
4.0	54.0	7.037134528347262e-05
0.0	55.0	4.603928492813485e-05
1.0	55.0	4.4725151591739266e-05
2.0	55.0	5.265028422081844e-05
3.0	55.0	4.698962159901531e-05
4.0	55.0	6.168874982497126e-05
0.0	56.0	3.900995999276243e-05
1.0	56.0	6.571899825338152e-05
2.0	56.0	4.8046974324660686e-05
3.0	56.0	5.7205568606322534e-05
4.0	56.0	5.180706468526181e-05
0.0	57.0	3.546396204286456e-05
1.0	57.0	5.1720385045817414e-05
2.0	57.0	3.3988155139825405e-05
3.0	57.0	4.463553237059598e-05
4.0	57.0	3.856719112216006e-05
0.0	58.0	4.049107366803931e-05
1.0	58.0	6.063746987046171e-05
2.0	58.0	4.693007084312977e-05
3.0	58.0	3.949840525243053e-05
4.0	58.0	5.1048079847693476e-05
0.0	59.0	5.792122055678014e-05
1.0	59.0	5.2708715476513136e-05
2.0	59.0	4.496368376888013e-05
3.0	59.0	4.041861856178537e-05
4.0	59.0	3.1650590515588424e-05
0.0	60.0	3.6279310526164985e-05
1.0	60.0	3.853551044921592e-05
2.0	60.0	4.237918230845964e-05
3.0	60.0	4.11348171919375e-05
4.0	60.0	3.872180025274658e-05
0.0	61.0	3.9473072728133865e-05
1.0	61.0	6.195928411429303e-05
2.0	61.0	4.1741709484615256e-05
3.0	61.0	3.30873868062337e-05
4.0	61.0	3.930386729411458e-05
0.0	62.0	7.285442114598865e-05
1.0	62.0	3.403603885885181e-05
2.0	62.0	5.595775426383538e-05
3.0	62.0	4.911271757776979e-05
4.0	62.0	4.1436535012868834e-05
0.0	63.0	6.609008089738375e-05
1.0	63.0	4.3642605244534354e-05
2.0	63.0	5.402951911603464e-05
3.0	63.0	4.617235508848902e-05
4.0	63.0	5.2262695405485687e-05
0.0	64.0	4.221571695166109e-05
1.0	64.0	6.056601772952529e-05
2.0	64.0	5.851645236464885e-05
3.0	64.0	4.2276469916967934e-05
4.0	64.0	5.452534157504394e-05
0.0	65.0	5.41767269988358e-05
1.0	65.0	4.5485389739484e-05
2.0	65.0	4.518072191309235e-05
3.0	65.0	4.131455401954661e-05
4.0	65.0	5.346536216883054e-05
0.0	66.0	0.009520219836040362
1.0	66.0	0.009520219836040362
2.0	66.0	0.009776468534282549
3.0	66.0	0.009520219836040362
4.0	66.0	0.009520219836040362
0.0	67.0	0.014310079208144718
1.0	67.0	0.014310079208144718
2.0	67.0	0.010139731994959687
3.0	67.0	0.014310079208144718
4.0	67.0	0.014310079208144718
0.0	68.0	0.009520219836040362
1.0	68.0	0.009520219836040362
2.0	68.0	0.009776468534282549
3.0	68.0	0.009520219836040362
4.0	68.0	0.009520219836040362
0.0	69.0	0.009520219836040362
1.0	69.0	0.009520219836040362
2.0	69.0	0.009776468534282549
3.0	69.0	0.009520219836040362
4.0	69.0	0.009520219836040362
0.0	70.0	0.014310079208144718
1.0	70.0	0.014310079208144718
2.0	70.0	0.010139731994959687
3.0	70.0	0.014310079208144718
4.0	70.0	0.014310079208144718
0.0	71.0	0.009520219836040362
1.0	71.0	0.009520219836040362
2.0	71.0	0.009776468534282549
3.0	71.0	0.009520219836040362
4.0	71.0	0.009520219836040362
0.0	72.0	0.014310079208144718
1.0	72.0	0.014310079208144718
2.0	72.0	0.010139731994959687
3.0	72.0	0.014310079208144718
4.0	72.0	0.014310079208144718
0.0	73.0	0.009520219836040362
1.0	73.0	0.009520219836040362
2.0	73.0	0.009776468534282549
3.0	73.0	0.009520219836040362
4.0	73.0	0.009520219836040362
0.0	74.0	0.009520219836040362
1.0	74.0	0.009520219836040362
2.0	74.0	0.009776468534282549
3.0	74.0	0.009520219836040362
4.0	74.0	0.009520219836040362
0.0	75.0	0.014310079208144718
1.0	75.0	0.014310079208144718
2.0	75.0	0.010139731994959687
3.0	75.0	0.014310079208144718
4.0	75.0	0.014310079208144718
0.0	76.0	0.009520219836040362
1.0	76.0	0.009520219836040362
2.0	76.0	0.009776468534282549
3.0	76.0	0.009520219836040362
4.0	76.0	0.009520219836040362
0.0	77.0	0.014310079208144718
1.0	77.0	0.014310079208144718
2.0	77.0	0.010139731994959687
3.0	77.0	0.014310079208144718
4.0	77.0	0.014310079208144718
0.0	78.0	0.014310079208144718
1.0	78.0	0.014310079208144718
2.0	78.0	0.010139731994959687
3.0	78.0	0.014310079208144718
4.0	78.0	0.014310079208144718
0.0	79.0	0.009520219836040362
1.0	79.0	0.009520219836040362
2.0	79.0	0.009776468534282549
3.0	79.0	0.009520219836040362
4.0	79.0	0.009520219836040362
0.0	80.0	0.014310079208144718
1.0	80.0	0.014310079208144718
2.0	80.0	0.010139731994959687
3.0	80.0	0.014310079208144718
4.0	80.0	0.014310079208144718
0.0	81.0	0.009520219836040362
1.0	81.0	0.009520219836040362
2.0	81.0	0.009776468534282549
3.0	81.0	0.009520219836040362
4.0	81.0	0.009520219836040362
0.0	82.0	0.014310079208144718
1.0	82.0	0.014310079208144718
2.0	82.0	0.010139731994959687
3.0	82.0	0.014310079208144718
4.0	82.0	0.014310079208144718
0.0	83.0	0.009520219836040362
1.0	83.0	0.009520219836040362
2.0	83.0	0.009776468534282549
3.0	83.0	0.009520219836040362
4.0	83.0	0.009520219836040362
0.0	84.0	0.014310079208144718
1.0	84.0	0.014310079208144718
2.0	84.0	0.010139731994959687
3.0	84.0	0.014310079208144718
4.0	84.0	0.014310079208144718
0.0	85.0	0.009520219836040362
1.0	85.0	0.009520219836040362
2.0	85.0	0.009776468534282549
3.0	85.0	0.009520219836040362
4.0	85.0	0.009520219836040362
0.0	86.0	0.009520219836040362
1.0	86.0	0.009520219836040362
2.0	86.0	0.009776468534282549
3.0	86.0	0.009520219836040362
4.0	86.0	0.009520219836040362
0.0	87.0	0.014310079208144718
1.0	87.0	0.014310079208144718
2.0	87.0	0.010139731994959687
3.0	87.0	0.014310079208144718
4.0	87.0	0.014310079208144718
0.0	88.0	0.009520219836040362
1.0	88.0	0.009520219836040362
2.0	88.0	0.009776468534282549
3.0	88.0	0.009520219836040362
4.0	88.0	0.009520219836040362
0.0	89.0	0.014310079208144718
1.0	89.0	0.014310079208144718
2.0	89.0	0.010139731994959687
3.0	89.0	0.014310079208144718
4.0	89.0	0.014310079208144718
0.0	90.0	0.014310079208144718
1.0	90.0	0.014310079208144718
2.0	90.0	0.010139731994959687
3.0	90.0	0.014310079208144718
4.0	90.0	0.014310079208144718
0.0	91.0	0.009520219836040362
1.0	91.0	0.009520219836040362
2.0	91.0	0.009776468534282549
3.0	91.0	0.009520219836040362
4.0	91.0	0.009520219836040362
0.0	92.0	0.014310079208144718
1.0	92.0	0.014310079208144718
2.0	92.0	0.010139731994959687
3.0	92.0	0.014310079208144718
4.0	92.0	0.014310079208144718
0.0	93.0	0.009520219836040362
1.0	93.0	0.009520219836040362
2.0	93.0	0.009776468534282549
3.0	93.0	0.009520219836040362
4.0	93.0	0.009520219836040362
0.0	94.0	0.014310079208144718
1.0	94.0	0.014310079208144718
2.0	94.0	0.010139731994959687
3.0	94.0	0.014310079208144718
4.0	94.0	0.014310079208144718
0.0	95.0	0.014310079208144718
1.0	95.0	0.014310079208144718
2.0	95.0	0.010139731994959687
3.0	95.0	0.014310079208144718
4.0	95.0	0.014310079208144718
0.0	96.0	0.014310079208144718
1.0	96.0	0.014310079208144718
2.0	96.0	0.010139731994959687
3.0	96.0	0.014310079208144718
4.0	96.0	0.014310079208144718
0.0	97.0	0.009520219836040362
1.0	97.0	0.009520219836040362
2.0	97.0	0.009776468534282549
3.0	97.0	0.009520219836040362
4.0	97.0	0.009520219836040362
0.0	98.0	0.009520219836040362
1.0	98.0	0.009520219836040362
2.0	98.0	0.009776468534282549
3.0	98.0	0.009520219836040362
4.0	98.0	0.009520219836040362
0.0	99.0	0.009520219836040362
1.0	99.0	0.009520219836040362
2.0	99.0	0.009776468534282549
3.0	99.0	0.009520219836040362
4.0	99.0	0.009520219836040362
0.0	100.0	0.014310079208144718
1.0	100.0	0.014310079208144718
2.0	100.0	0.010139731994959687
3.0	100.0	0.014310079208144718
4.0	100.0	0.014310079208144718
0.0	101.0	0.009520219836040362
1.0	101.0	0.009520219836040362
2.0	101.0	0.009776468534282549
3.0	101.0	0.009520219836040362
4.0	101.0	0.009520219836040362
0.0	102.0	0.009520219836040362
1.0	102.0	0.009520219836040362
2.0	102.0	0.009776468534282549
3.0	102.0	0.009520219836040362
4.0	102.0	0.009520219836040362
0.0	103.0	0.014310079208144718
1.0	103.0	0.014310079208144718
2.0	103.0	0.010139731994959687
3.0	103.0	0.014310079208144718
4.0	103.0	0.014310079208144718
0.0	104.0	0.014310079208144718
1.0	104.0	0.014310079208144718
2.0	104.0	0.010139731994959687
3.0	104.0	0.014310079208144718
4.0	104.0	0.014310079208144718
0.0	105.0	0.014310079208144718
1.0	105.0	0.014310079208144718
2.0	105.0	0.010139731994959687
3.0	105.0	0.014310079208144718
4.0	105.0	0.014310079208144718
0.0	106.0	0.009520219836040362
1.0	106.0	0.009520219836040362
2.0	106.0	0.009776468534282549
3.0	106.0	0.009520219836040362
4.0	106.0	0.009520219836040362
0.0	107.0	0.009520219836040362
1.0	107.0	0.009520219836040362
2.0	107.0	0.009776468534282549
3.0	107.0	0.009520219836040362
4.0	107.0	0.009520219836040362
0.0	108.0	0.009520219836040362
1.0	108.0	0.009520219836040362
2.0	108.0	0.009776468534282549
3.0	108.0	0.009520219836040362
4.0	108.0	0.009520219836040362
0.0	109.0	0.014310079208144718
1.0	109.0	0.014310079208144718
2.0	109.0	0.010139731994959687
3.0	109.0	0.014310079208144718
4.0	109.0	0.014310079208144718
0.0	110.0	0.014310079208144718
1.0	110.0	0.014310079208144718
2.0	110.0	0.010139731994959687
3.0	110.0	0.014310079208144718
4.0	110.0	0.014310079208144718
0.0	111.0	0.014310079208144718
1.0	111.0	0.014310079208144718
2.0	111.0	0.010139731994959687
3.0	111.0	0.014310079208144718
4.0	111.0	0.014310079208144718
0.0	112.0	0.009520219836040362
1.0	112.0	0.009520219836040362
2.0	112.0	0.009776468534282549
3.0	112.0	0.009520219836040362
4.0	112.0	0.009520219836040362
0.0	113.0	0.014310079208144718
1.0	113.0	0.014310079208144718
2.0	113.0	0.010139731994959687
3.0	113.0	0.014310079208144718
4.0	113.0	0.014310079208144718
0.0	114.0	0.014310079208144718
1.0	114.0	0.014310079208144718
2.0	114.0	0.010139731994959687
3.0	114.0	0.014310079208144718
4.0	114.0	0.014310079208144718
0.0	115.0	0.009520219836040362
1.0	115.0	0.009520219836040362
2.0	115.0	0.009776468534282549
3.0	115.0	0.009520219836040362
4.0	115.0	0.009520219836040362
0.0	116.0	0.009520219836040362
1.0	116.0	0.009520219836040362
2.0	116.0	0.009776468534282549
3.0	116.0	0.009520219836040362
4.0	116.0	0.009520219836040362
0.0	117.0	0.009520219836040362
1.0	117.0	0.009520219836040362
2.0	117.0	0.009776468534282549
3.0	117.0	0.009520219836040362
4.0	117.0	0.009520219836040362
0.0	118.0	0.014310079208144718
1.0	118.0	0.014310079208144718
2.0	118.0	0.010139731994959687
3.0	118.0	0.014310079208144718
4.0	118.0	0.014310079208144718
0.0	119.0	0.014310079208144718
1.0	119.0	0.014310079208144718
2.0	119.0	0.010139731994959687
3.0	119.0	0.014310079208144718
4.0	119.0	0.014310079208144718
0.0	120.0	0.014310079208144718
1.0	120.0	0.014310079208144718
2.0	120.0	0.010139731994959687
3.0	120.0	0.014310079208144718
4.0	120.0	0.014310079208144718
0.0	121.0	0.009520219836040362
1.0	121.0	0.009520219836040362
2.0	121.0	0.009776468534282549
3.0	121.0	0.009520219836040362
4.0	121.0	0.009520219836040362
0.0	122.0	0.009520219836040362
1.0	122.0	0.009520219836040362
2.0	122.0	0.009776468534282549
3.0	122.0	0.009520219836040362
4.0	122.0	0.009520219836040362
0.0	123.0	0.014310079208144718
1.0	123.0	0.014310079208144718
2.0	123.0	0.010139731994959687
3.0	123.0	0.014310079208144718
4.0	123.0	0.014310079208144718
0.0	124.0	4.555632626941752e-05
1.0	124.0	6.124420811786028e-05
2.0	124.0	5.277369157020007e-05
3.0	124.0	5.609965237538133e-05
4.0	124.0	5.268154011564502e-05
0.0	125.0	3.846342897006656e-05
1.0	125.0	4.0488066339527746e-05
2.0	125.0	5.283884498681051e-05
3.0	125.0	3.48285797504543e-05
4.0	125.0	6.211213945260631e-05
0.0	126.0	3.6436793947012546e-05
1.0	126.0	4.262016787581616e-05
2.0	126.0	6.490450542059404e-05
3.0	126.0	4.06673272074135e-05
4.0	126.0	6.991195692823415e-05
0.0	127.0	3.8338607288937885e-05
1.0	127.0	4.585763641834435e-05
2.0	127.0	4.667252877780118e-05
3.0	127.0	4.266685123004876e-05
4.0	127.0	4.3860801093901776e-05
0.0	128.0	5.104012262872685e-05
1.0	128.0	5.4342269654795755e-05
2.0	128.0	4.308510526831435e-05
3.0	128.0	4.739463882284774e-05
4.0	128.0	3.800658819794348e-05
0.0	129.0	5.164211668224712e-05
1.0	129.0	4.198392034543038e-05
2.0	129.0	5.01678967819221e-05
3.0	129.0	3.123342636745948e-05
4.0	129.0	4.654187717897008e-05
0.0	130.0	4.357274823555968e-05
1.0	130.0	6.500814926236705e-05
2.0	130.0	3.936716122178267e-05
3.0	130.0	6.860239231889973e-05
4.0	130.0	5.0810578721262355e-05
0.0	131.0	3.299039338970492e-05
1.0	131.0	5.6032209049643225e-05
2.0	131.0	4.668368587312477e-05
3.0	131.0	5.680876654799178e-05
4.0	131.0	6.072527341452636e-05
0.0	132.0	5.111457298783638e-05
1.0	132.0	4.255709278872073e-05
2.0	132.0	6.452729977045709e-05
3.0	132.0	4.4630047801159364e-05
4.0	132.0	4.516116421334048e-05
0.0	133.0	4.853875052455096e-05
1.0	133.0	5.4982781328030286e-05
2.0	133.0	6.0695213068565044e-05
3.0	133.0	4.3595645127418254e-05
4.0	133.0	4.050247594237904e-05
0.0	134.0	5.3618185099493445e-05
1.0	134.0	3.9632246143892624e-05
2.0	134.0	5.199508684627933e-05
3.0	134.0	4.1074558853304935e-05
4.0	134.0	4.164587957078545e-05
0.0	135.0	4.064678282027567e-05
1.0	135.0	4.795332739934868e-05
2.0	135.0	4.038410407075162e-05
3.0	135.0	4.432838394126008e-05
4.0	135.0	3.442452384062474e-05
0.0	136.0	3.511593597467917e-05
1.0	136.0	5.526944043991209e-05
2.0	136.0	5.951746723812746e-05
3.0	136.0	5.0417801065148035e-05
4.0	136.0	4.097483096523515e-05
0.0	137.0	3.769163899863805e-05
1.0	137.0	4.619608848627583e-05
2.0	137.0	5.1174697995838545e-05
3.0	137.0	3.9165996525690866e-05
4.0	137.0	5.560946222071191e-05
0.0	138.0	5.5237148933863147e-05
1.0	138.0	4.4073640360638305e-05
2.0	138.0	5.7462608661814377e-05
3.0	138.0	4.654665556819854e-05
4.0	138.0	5.561909300306315e-05
0.0	139.0	5.871612566017831e-05
1.0	139.0	5.627008616521694e-05
2.0	139.0	5.315110683973956e-05
3.0	139.0	4.978141212444662e-05
4.0	139.0	5.962754187534417e-05
0.0	140.0	3.941876766350199e-05
1.0	140.0	5.1306456644347294e-05
2.0	140.0	4.39702577326806e-05
3.0	140.0	3.4280382543032276e-05
4.0	140.0	6.442799118652986e-05
0.0	141.0	4.80494470868889e-05
1.0	141.0	5.302535883051049e-05
2.0	141.0	2.9381625941533515e-05
3.0	141.0	6.0362779004521184e-05
4.0	141.0	6.78883787688325e-05
0.0	142.0	7.490882570045019e-05
1.0	142.0	3.8358386646271445e-05
2.0	142.0	5.401916107401264e-05
3.0	142.0	4.305775407587477e-05
4.0	142.0	3.603897946402779e-05
0.0	143.0	6.74898138438344e-05
1.0	143.0	5.971644915226053e-05
2.0	143.0	4.049155881731431e-05
3.0	143.0	4.383443436239863e-05
4.0	143.0	7.41786546039542e-05
0.0	144.0	4.3817753873774764e-05
1.0	144.0	4.1660446481756275e-05
2.0	144.0	3.2445567952367555e-05
3.0	144.0	5.599949713697764e-05
4.0	144.0	3.079534965247979e-05
0.0	145.0	4.7127679048638375e-05
1.0	145.0	4.882727690103494e-05
2.0	145.0	5.1409145349936434e-05
3.0	145.0	4.6869756740268553e-05
4.0	145.0	4.7739994223243947e-05
0.0	146.0	5.9062131927392525e-05
1.0	146.0	5.57700425634766e-05
2.0	146.0	5.177026620969474e-05
3.0	146.0	4.35984675376931e-05
4.0	146.0	6.288602605662e-05
0.0	147.0	6.138174026752251e-05
1.0	147.0	4.735758142831585e-05
2.0	147.0	5.768277736958168e-05
3.0	147.0	5.657826917616413e-05
4.0	147.0	4.422878632982183e-05
0.0	148.0	4.788573940939433e-05
1.0	148.0	3.594156896433452e-05
2.0	148.0	7.05181841454195e-05
3.0	148.0	3.0941236955173935e-05
4.0	148.0	2.991443081991486e-05
0.0	149.0	4.2248623261409035e-05
1.0	149.0	6.382847562558304e-05
2.0	149.0	2.262742851759261e-05
3.0	149.0	3.670737201796278e-05
4.0	149.0	5.605481629707473e-05
0.0	150.0	3.7513021319265274e-05
1.0	150.0	6.254452916981851e-05
2.0	150.0	5.081701542289724e-05
3.0	150.0	6.060491306588066e-05
4.0	150.0	6.455758908846349e-05
0.0	151.0	4.607525303802854e-05
1.0	151.0	5.6131447011750256e-05
2.0	151.0	4.125657019262297e-05
3.0	151.0	5.281174707635674e-05
4.0	151.0	2.032146940599119e-05
0.0	152.0	4.585496284023937e-05
1.0	152.0	3.329556099330607e-05
2.0	152.0	4.742229612186668e-05
3.0	152.0	5.363291506290223e-05
4.0	152.0	4.146769534148178e-05
0.0	153.0	3.462125794875406e-05
1.0	153.0	5.807832548825703e-05
2.0	153.0	4.778751615953272e-05
3.0	153.0	4.955945449829352e-05
4.0	153.0	5.988925436778243e-05
0.0	154.0	4.4590035301419094e-05
1.0	154.0	4.952283543135912e-05
2.0	154.0	4.849141411872168e-05
3.0	154.0	3.5215664372622015e-05
4.0	154.0	3.385790383288868e-05
0.0	155.0	5.866320043821602e-05
1.0	155.0	6.06666572123148e-05
2.0	155.0	5.0593027887479315e-05
3.0	155.0	6.011425794313631e-05
4.0	155.0	5.996473667896892e-05
0.0	156.0	5.451800215313537e-05
1.0	156.0	4.9166395562023366e-05
2.0	156.0	5.539428903480619e-05
3.0	156.0	3.711306694680492e-05
4.0	156.0	3.583500663047833e-05
0.0	157.0	5.735113084411722e-05
1.0	157.0	4.62704310821867e-05
2.0	157.0	7.459907311728249e-05
3.0	157.0	5.7970591074535605e-05
4.0	157.0	6.05116310971313e-05
0.0	158.0	6.747522783324867e-05
1.0	158.0	4.942607140957049e-05
2.0	158.0	4.952028689363762e-05
3.0	158.0	4.292196247859057e-05
4.0	158.0	3.189053580712407e-05
0.0	159.0	3.770482738656469e-05
1.0	159.0	5.75093869565203e-05
2.0	159.0	5.1229811852845774e-05
3.0	159.0	6.092852028830718e-05
4.0	159.0	4.0845955605603416e-05
0.0	160.0	4.909873462207719e-05
1.0	160.0	6.243435513800667e-05
2.0	160.0	4.8341078473118395e-05
3.0	160.0	4.060396208054531e-05
4.0	160.0	5.728176299919089e-05
0.0	161.0	4.15900537029792e-05
1.0	161.0	4.177983022127078e-05
2.0	161.0	5.3174305440840754e-05
3.0	161.0	4.244583895460508e-05
4.0	161.0	4.36427088504102e-05
0.0	162.0	4.796280414705008e-05
1.0	162.0	5.674083969264136e-05
2.0	162.0	4.534998531292353e-05
3.0	162.0	5.363342567684381e-05
4.0	162.0	5.4077786257995164e-05
0.0	163.0	4.383165596186423e-05
1.0	163.0	3.23972692367423e-05
2.0	163.0	3.88028270988498e-05
3.0	163.0	2.9966999382587713e-05
4.0	163.0	5.1602164166236484e-05
0.0	164.0	5.380433916334498e-05
1.0	164.0	4.326044021685329e-05
2.0	164.0	5.175105687842626e-05
3.0	164.0	6.255246130485238e-05
4.0	164.0	4.591770980004447e-05
0.0	165.0	5.104250097611322e-05
1.0	165.0	4.809710590963742e-05
2.0	165.0	5.880546172469618e-05
3.0	165.0	3.3892032294447695e-05
4.0	165.0	5.1881021790690434e-05
0.0	166.0	3.356414185375852e-05
1.0	166.0	4.30959199664799e-05
2.0	166.0	5.269680472504103e-05
3.0	166.0	4.460264907441241e-05
4.0	166.0	6.492368573295036e-05
0.0	167.0	5.169682961259369e-05
1.0	167.0	3.811043318395082e-05
2.0	167.0	5.7691692263831234e-05
3.0	167.0	5.357807799479905e-05
4.0	167.0	4.020647216855573e-05
0.0	168.0	5.110569895662761e-05
1.0	168.0	6.012510465083321e-05
2.0	168.0	4.837274289712195e-05
3.0	168.0	4.92787036970004e-05
4.0	168.0	5.0619236039791754e-05
0.0	169.0	3.4532532949015514e-05
1.0	169.0	6.0786521405631714e-05
2.0	169.0	3.1577195527509886e-05
3.0	169.0	5.157130668523959e-05
4.0	169.0	4.726131750653669e-05
0.0	170.0	4.5606877284161084e-05
1.0	170.0	5.7705942390231935e-05
2.0	170.0	5.9207126793869706e-05
3.0	170.0	4.192413519259392e-05
4.0	170.0	5.4667844279280124e-05
0.0	171.0	3.42525349483133e-05
1.0	171.0	4.400846587659402e-05
2.0	171.0	4.079437430892208e-05
3.0	171.0	4.191536731993893e-05
4.0	171.0	3.404367698675368e-05
0.0	172.0	4.6802343517001306e-05
1.0	172.0	4.9691278603310055e-05
2.0	172.0	5.683298603592925e-05
3.0	172.0	4.597953826988423e-05
4.0	172.0	4.4162855699057695e-05
0.0	173.0	5.539581915506886e-05
1.0	173.0	5.0647396927839316e-05
2.0	173.0	5.043806300934466e-05
3.0	173.0	5.9439136931759285e-05
4.0	173.0	3.664003928965961e-05
0.0	174.0	5.247472426326324e-05
1.0	174.0	4.531917042662215e-05
2.0	174.0	4.563510462805307e-05
3.0	174.0	3.559500410640235e-05
4.0	174.0	4.711997608003501e-05
0.0	175.0	5.6977340123501636e-05
1.0	175.0	5.7936377049882164e-05
2.0	175.0	5.985255854050491e-05
3.0	175.0	2.4691205926551877e-05
4.0	175.0	4.0784563206777684e-05
0.0	176.0	3.883577724070093e-05
1.0	176.0	4.287619325723495e-05
2.0	176.0	4.478268405853424e-05
3.0	176.0	4.4772254431872636e-05
4.0	176.0	5.053943915966916e-05
0.0	177.0	5.8859958459847235e-05
1.0	177.0	4.552727156682892e-05
2.0	177.0	5.127362963626e-05
3.0	177.0	5.0226697474963564e-05
4.0	177.0	4.566150497301657e-05
0.0	178.0	4.881169434122806e-05
1.0	178.0	4.971202429256219e-05
2.0	178.0	4.360695396005407e-05
3.0	178.0	5.918653115850115e-05
4.0	178.0	4.304286638530164e-05
0.0	179.0	5.809095373590757e-05
1.0	179.0	5.756528304007812e-05
2.0	179.0	4.13659381785857e-05
3.0	179.0	4.5614058895310314e-05
4.0	179.0	4.069610738635438e-05
0.0	180.0	4.788155174466055e-05
1.0	180.0	6.258582183900286e-05
2.0	180.0	5.476679612855403e-05
3.0	180.0	5.010344024960124e-05
4.0	180.0	5.39176016566363e-05
0.0	181.0	5.524936795814362e-05
1.0	181.0	3.4384030171010535e-05
2.0	181.0	5.8202397396010456e-05
3.0	181.0	5.960088169219769e-05
4.0	181.0	4.089484716418964e-05
0.0	182.0	3.491340466527125e-05
1.0	182.0	5.5687786255459615e-05
2.0	182.0	5.694012628064288e-05
3.0	182.0	4.4004494907225465e-05
4.0	182.0	5.3643636113521884e-05
0.0	183.0	5.626123012018846e-05
1.0	183.0	6.254115999752087e-05
2.0	183.0	3.5708026980213864e-05
3.0	183.0	3.0153747574753885e-05
4.0	183.0	5.611254603152391e-05
0.0	184.0	5.6616687214660694e-05
1.0	184.0	4.307806613805021e-05
2.0	184.0	6.107855928773009e-05
3.0	184.0	4.597525857094434e-05
4.0	184.0	3.743742590023745e-05
0.0	185.0	5.3917012838992875e-05
1.0	185.0	5.28622153027124e-05
2.0	185.0	2.932362022675796e-05
3.0	185.0	5.8303670888488034e-05
4.0	185.0	3.740945397024649e-05
0.0	186.0	4.889290171392598e-05
1.0	186.0	4.022959221315374e-05
2.0	186.0	6.0458137583497624e-05
3.0	186.0	5.325946380775875e-05
4.0	186.0	4.9865851738882506e-05
0.0	187.0	5.19072215190135e-05
1.0	187.0	4.960871490405067e-05
2.0	187.0	5.419366623994988e-05
3.0	187.0	4.44344865758121e-05
4.0	187.0	2.377541900645984e-05
0.0	188.0	4.236844164038815e-05
1.0	188.0	4.5938537032647796e-05
2.0	188.0	4.9951194141352595e-05
3.0	188.0	5.2616219464865944e-05
4.0	188.0	6.014791243386e-05
0.0	189.0	5.475777066295208e-05
1.0	189.0	6.112999978003074e-05
2.0	189.0	4.902536173332002e-05
3.0	189.0	6.337478900640865e-05
4.0	189.0	5.7589475513387225e-05
0.0	190.0	5.792539698314163e-05
1.0	190.0	5.6127550701629894e-05
2.0	190.0	4.15940208425484e-05
3.0	190.0	4.115515355888711e-05
4.0	190.0	3.776727853982607e-05
0.0	191.0	3.9592283401380755e-05
1.0	191.0	2.9559706067314502e-05
2.0	191.0	3.867550503858067e-05
3.0	191.0	3.936967924313598e-05
4.0	191.0	3.118386540670578e-05
0.0	192.0	5.492447502344924e-05
1.0	192.0	3.7364711497621714e-05
2.0	192.0	4.5125792925946066e-05
3.0	192.0	4.518406958763446e-05
4.0	192.0	5.120861584299057e-05
0.0	193.0	5.079812813237266e-05
1.0	193.0	4.7884920667058295e-05
2.0	193.0	4.6402291028065505e-05
3.0	193.0	6.51515202671361e-05
4.0	193.0	4.52639081233645e-05
0.0	194.0	5.71885906492113e-05
1.0	194.0	4.6710737761872933e-05
2.0	194.0	4.4174139314872004e-05
3.0	194.0	4.5931484870188045e-05
4.0	194.0	3.9532139988184544e-05
0.0	195.0	3.9861491955923254e-05
1.0	195.0	3.723571574484221e-05
2.0	195.0	4.208296907585472e-05
3.0	195.0	6.316141180876228e-05
4.0	195.0	5.796512025636066e-05
0.0	196.0	3.1091460906316705e-05
1.0	196.0	4.306565682211342e-05
2.0	196.0	3.967005912990301e-05
3.0	196.0	5.4098903709465486e-05
4.0	196.0	5.947795251504421e-05
0.0	197.0	4.5222119930991335e-05
1.0	197.0	3.392607552612203e-05
2.0	197.0	6.213047351836248e-05
3.0	197.0	4.948211792474531e-05
4.0	197.0	6.725259953867741e-05
0.0	198.0	4.89900940519466e-05
1.0	198.0	4.4462337069576e-05
2.0	198.0	7.340294386642691e-05
3.0	198.0	4.045849035440571e-05
4.0	198.0	6.089984124550874e-05
0.0	199.0	6.045260608419257e-05
1.0	199.0	6.561617868976518e-05
2.0	199.0	5.6223687240223524e-05
3.0	199.0	7.43747343732477e-05
4.0	199.0	4.026885008279308e-05
0.0	200.0	3.736048870039727e-05
1.0	200.0	4.184390049608188e-05
2.0	200.0	4.625394071044654e-05
3.0	200.0	5.0735307898001e-05
4.0	200.0	4.28693991166259e-05
0.0	201.0	5.981038417051539e-05
1.0	201.0	5.297188730374651e-05
2.0	201.0	6.27610079660782e-05
3.0	201.0	6.022911086717994e-05
4.0	201.0	6.884704073117891e-05
0.0	202.0	4.878017260683359e-05
1.0	202.0	6.075557601046563e-05
2.0	202.0	3.6176953205708064e-05
3.0	202.0	4.7651405965443365e-05
4.0	202.0	5.927143362308334e-05
0.0	203.0	5.5948609687868666e-05
1.0	203.0	4.341063175672645e-05
2.0	203.0	3.6368698361066704e-05
3.0	203.0	4.588069331913471e-05
4.0	203.0	4.3251902010606706e-05
0.0	204.0	6.0289034004652106e-05
1.0	204.0	7.199996356791669e-05
2.0	204.0	4.3345870948444406e-05
3.0	204.0	4.066288720216894e-05
4.0	204.0	7.785715898732986e-05
0.0	205.0	4.555303292400046e-05
1.0	205.0	1.977016465833127e-05
2.0	205.0	3.74758581902843e-05
3.0	205.0	4.025604550717919e-05
4.0	205.0	4.728572699854965e-05
0.0	206.0	4.322070198703241e-05
1.0	206.0	5.9002316286181783e-05
2.0	206.0	6.660153365962175e-05
3.0	206.0	5.045872000714192e-05
4.0	206.0	2.4789579796619203e-05
0.0	207.0	2.6197535685294297e-05
1.0	207.0	6.306020455088648e-05
2.0	207.0	5.839756008871144e-05
3.0	207.0	3.8147666233816805e-05
4.0	207.0	4.185627299824414e-05
0.0	208.0	5.59647620842248e-05
1.0	208.0	5.6959551297720584e-05
2.0	208.0	3.252373416342878e-05
3.0	208.0	5.207550899690019e-05
4.0	208.0	2.753504876122612e-05
0.0	209.0	3.4302626136599205e-05
1.0	209.0	6.612579734270958e-05
2.0	209.0	2.505037161846076e-05
3.0	209.0	3.9823615628525413e-05
4.0	209.0	4.786748585870666e-05
0.0	210.0	4.7097275252754366e-05
1.0	210.0	4.590440976176253e-05
2.0	210.0	6.961860822487458e-05
3.0	210.0	4.685578156343631e-05
4.0	210.0	4.318583714525647e-05
0.0	211.0	4.5227520642576075e-05
1.0	211.0	5.1297037841459946e-05
2.0	211.0	4.400322171735512e-05
3.0	211.0	7.208060343415055e-05
4.0	211.0	3.734830867842968e-05
0.0	212.0	4.2698596585486196e-05
1.0	212.0	4.2920128379604916e-05
2.0	212.0	5.306326790946402e-05
3.0	212.0	5.5879523397997745e-05
4.0	212.0	4.249569254852671e-05
0.0	213.0	4.7736552423102276e-05
1.0	213.0	3.593586557873524e-05
2.0	213.0	4.563955620089974e-05
3.0	213.0	4.3382279756004426e-05
4.0	213.0	3.359087985507127e-05
0.0	214.0	4.746387619577386e-05
1.0	214.0	5.853577859514976e-05
2.0	214.0	4.127891442053671e-05
3.0	214.0	5.512496216931523e-05
4.0	214.0	6.740572519925405e-05
0.0	215.0	3.918918200180129e-05
1.0	215.0	4.7466686894463905e-05
2.0	215.0	5.920501267611821e-05
3.0	215.0	3.640086131870725e-05
4.0	215.0	5.3715610788600364e-05
0.0	216.0	6.915827833720195e-05
1.0	216.0	4.6393682865121234e-05
2.0	216.0	6.735254226275122e-05
3.0	216.0	4.906644303630602e-05
4.0	216.0	3.504682395058996e-05
0.0	217.0	5.3627494467280584e-05
1.0	217.0	3.722708025503782e-05
2.0	217.0	6.418681091824266e-05
3.0	217.0	3.537410361448222e-05
4.0	217.0	4.323933536700696e-05
0.0	218.0	4.0941520412015944e-05
1.0	218.0	3.8806171201878785e-05
2.0	218.0	6.678009334431609e-05
3.0	218.0	3.3086003646422006e-05
4.0	218.0	4.2971459430916534e-05
0.0	219.0	4.1689538608859715e-05
1.0	219.0	5.240931043940749e-05
2.0	219.0	5.4321307139515505e-05
3.0	219.0	5.157303467999821e-05
4.0	219.0	4.4734412239147944e-05
0.0	220.0	4.781878791512211e-05
1.0	220.0	3.1950888201222834e-05
2.0	220.0	4.6640185102933944e-05
3.0	220.0	5.9136072318875285e-05
4.0	220.0	4.110739904658147e-05
0.0	221.0	5.3780043051333105e-05
1.0	221.0	5.399936382056123e-05
2.0	221.0	6.109991709418417e-05
3.0	221.0	3.203721992231131e-05
4.0	221.0	5.639653067000195e-05
0.0	222.0	6.717227124850569e-05
1.0	222.0	4.190041182563983e-05
2.0	222.0	6.050232922970447e-05
3.0	222.0	6.161156340357532e-05
4.0	222.0	5.246203761583619e-05
0.0	223.0	5.962930769850966e-05
1.0	223.0	4.181185760039354e-05
2.0	223.0	5.2400260770869524e-05
3.0	223.0	5.8366786606455255e-05
4.0	223.0	4.6804404166114985e-05
0.0	224.0	6.471099508334347e-05
1.0	224.0	5.481306107506165e-05
2.0	224.0	5.387949650183726e-05
3.0	224.0	6.369418493468642e-05
4.0	224.0	6.652793455591819e-05
0.0	225.0	4.050447531761129e-05
1.0	225.0	5.533965926131214e-05
2.0	225.0	4.136695614644139e-05
3.0	225.0	4.672259765202058e-05
4.0	225.0	4.596095319835839e-05
0.0	226.0	5.580978286768236e-05
1.0	226.0	4.4611569965787536e-05
2.0	226.0	3.804949832081414e-05
3.0	226.0	3.2040013619880585e-05
4.0	226.0	5.1224161975415397e-05
0.0	227.0	4.5927926863286204e-05
1.0	227.0	4.145753170797571e-05
2.0	227.0	2.907117648422558e-05
3.0	227.0	5.522377928679449e-05
4.0	227.0	4.2275263079386364e-05
0.0	228.0	5.448120158459583e-05
1.0	228.0	6.321730622414018e-05
2.0	228.0	4.436673933960793e-05
3.0	228.0	2.8004160854500362e-05
4.0	228.0	6.115414879760808e-05
0.0	229.0	5.988032947408059e-05
1.0	229.0	4.525009697511234e-05
2.0	229.0	7.108190811253881e-05
3.0	229.0	4.1921637056891107e-05
4.0	229.0	5.4071459714023025e-05
0.0	230.0	6.279845628603525e-05
1.0	230.0	4.104132301159311e-05
2.0	230.0	5.196269148285165e-05
3.0	230.0	4.000179993788639e-05
4.0	230.0	6.267522104021209e-05
0.0	231.0	4.586617920643373e-05
1.0	231.0	2.7547258304630468e-05
2.0	231.0	5.525402377276877e-05
3.0	231.0	5.498101141988401e-05
4.0	231.0	5.908546855221594e-05
0.0	232.0	4.027274339522629e-05
1.0	232.0	3.871967546847378e-05
2.0	232.0	4.5991189764368174e-05
3.0	232.0	3.740956913878319e-05
4.0	232.0	4.514792719222218e-05
0.0	233.0	5.401723967363143e-05
1.0	233.0	4.314570121824496e-05
2.0	233.0	3.213586740841775e-05
3.0	233.0	4.231570841661854e-05
4.0	233.0	5.267970004096552e-05
0.0	234.0	5.7871420934124886e-05
1.0	234.0	3.717094916361935e-05
2.0	234.0	5.555869313415905e-05
3.0	234.0	7.536985302820259e-05
4.0	234.0	4.265518128719081e-05
0.0	235.0	5.210910828212462e-05
1.0	235.0	4.71619420123782e-05
2.0	235.0	5.919157731786136e-05
3.0	235.0	4.4580963933581714e-05
4.0	235.0	5.112131928847568e-05
0.0	236.0	4.6111235498452844e-05
1.0	236.0	4.856375798959682e-05
2.0	236.0	4.0060163392617035e-05
3.0	236.0	5.707311972504716e-05
4.0	236.0	5.8820188354415584e-05
0.0	237.0	4.601246367500505e-05
1.0	237.0	3.946343107042405e-05
2.0	237.0	6.188345271437154e-05
3.0	237.0	5.763605450746862e-05
4.0	237.0	6.142423734309879e-05
0.0	238.0	5.620431242394022e-05
1.0	238.0	5.322468868959196e-05
2.0	238.0	5.131911750452386e-05
3.0	238.0	4.860807193742653e-05
4.0	238.0	4.072014373562037e-05
0.0	239.0	3.94931405447505e-05
1.0	239.0	6.887718668716637e-05
2.0	239.0	5.75866811847203e-05
3.0	239.0	5.6404136155341204e-05
4.0	239.0	5.955945777070807e-05
0.0	240.0	2.9599761947465875e-05
1.0	240.0	6.318671758889183e-05
2.0	240.0	4.191987558488874e-05
3.0	240.0	4.7420111244965324e-05
4.0	240.0	3.74262991305031e-05
0.0	241.0	4.5598553258322056e-05
1.0	241.0	5.327021713876536e-05
2.0	241.0	5.618048309313508e-05
3.0	241.0	4.6071411669003174e-05
4.0	241.0	4.2012992263291664e-05
0.0	242.0	4.644002061084337e-05
1.0	242.0	4.442821675010014e-05
2.0	242.0	5.3073996051525715e-05
3.0	242.0	5.512309172469598e-05
4.0	242.0	5.018303804389418e-05
0.0	243.0	3.961403595729809e-05
1.0	243.0	4.048001646652515e-05
2.0	243.0	6.209369102021714e-05
3.0	243.0	6.0672070761817254e-05
4.0	243.0	4.482917650400029e-05
0.0	244.0	5.7229369069327844e-05
1.0	244.0	4.75213671177957e-05
2.0	244.0	3.633782556194493e-05
3.0	244.0	5.025251116925481e-05
4.0	244.0	4.6453832492785933e-05
0.0	245.0	4.145087357720674e-05
1.0	245.0	3.894579882621103e-05
2.0	245.0	6.362581368968842e-05
3.0	245.0	4.808767775368503e-05
4.0	245.0	5.2722586734528694e-05
0.0	246.0	5.21752901344159e-05
1.0	246.0	6.371447369943969e-05
2.0	246.0	4.734941755757203e-05
3.0	246.0	4.542100153428675e-05
4.0	246.0	3.0439149091598118e-05
0.0	247.0	4.67838178788123e-05
1.0	247.0	4.020837113161318e-05
2.0	247.0	5.843943480616829e-05
3.0	247.0	5.0049285985233163e-05
4.0	247.0	4.834389553960056e-05
0.0	248.0	4.536862555869058e-05
1.0	248.0	2.3691382953738393e-05
2.0	248.0	5.9839151854504876e-05
3.0	248.0	4.40153863352726e-05
4.0	248.0	3.7664788654502134e-05
0.0	249.0	6.774007760220565e-05
1.0	249.0	6.219139110399071e-05
2.0	249.0	6.581672425353034e-05
3.0	249.0	5.401510425354164e-05
4.0	249.0	3.953735654371533e-05
0.0	250.0	5.041452508776454e-05
1.0	250.0	5.2991033383618984e-05
2.0	250.0	3.977876191318571e-05
3.0	250.0	4.859074253829837e-05
4.0	250.0	6.007485684959464e-05
