# columns = ['i', 'j', 'weight']
2.0	0.0	0.005
0.0	0.0	0.075
1.0	0.0	0.05
0.0	1.0	0.05
2.0	1.0	0.05
1.0	1.0	0.075
3.0	1.0	0.005
1.0	2.0	0.05
0.0	2.0	0.005
4.0	2.0	0.005
2.0	2.0	0.075
3.0	2.0	0.05
5.0	3.0	0.005
1.0	3.0	0.005
3.0	3.0	0.075
4.0	3.0	0.05
2.0	3.0	0.05
3.0	4.0	0.05
2.0	4.0	0.005
4.0	4.0	0.075
5.0	4.0	0.05
6.0	4.0	0.005
6.0	5.0	0.05
4.0	5.0	0.05
7.0	5.0	0.005
5.0	5.0	0.075
3.0	5.0	0.005
8.0	6.0	0.005
7.0	6.0	0.05
6.0	6.0	0.075
5.0	6.0	0.05
4.0	6.0	0.005
5.0	7.0	0.005
7.0	7.0	0.075
8.0	7.0	0.05
6.0	7.0	0.05
9.0	7.0	0.005
6.0	8.0	0.005
7.0	8.0	0.05
10.0	8.0	0.005
8.0	8.0	0.075
9.0	8.0	0.05
11.0	9.0	0.005
10.0	9.0	0.05
9.0	9.0	0.075
8.0	9.0	0.05
7.0	9.0	0.005
8.0	10.0	0.005
12.0	10.0	0.005
10.0	10.0	0.075
11.0	10.0	0.05
9.0	10.0	0.05
9.0	11.0	0.005
12.0	11.0	0.05
11.0	11.0	0.075
13.0	11.0	0.005
10.0	11.0	0.05
11.0	12.0	0.05
10.0	12.0	0.005
12.0	12.0	0.075
14.0	12.0	0.005
13.0	12.0	0.05
14.0	13.0	0.05
13.0	13.0	0.075
15.0	13.0	0.005
12.0	13.0	0.05
11.0	13.0	0.005
12.0	14.0	0.005
13.0	14.0	0.05
16.0	14.0	0.0
14.0	14.0	0.05
15.0	14.0	0.05
13.0	15.0	0.005
16.0	15.0	0.013417263930762835
15.0	15.0	0.05
17.0	15.0	0.009615182600470827
14.0	15.0	0.05
17.0	16.0	0.05
16.0	16.0	0.05
18.0	16.0	0.009520219836040504
15.0	16.0	0.05
14.0	16.0	0.005
16.0	17.0	0.05
17.0	17.0	0.05
18.0	17.0	0.04423374820726413
15.0	17.0	0.005
19.0	17.0	0.01731471659186974
16.0	18.0	0.05
17.0	18.0	0.05
19.0	18.0	0.038427735350073225
20.0	18.0	0.017314716591869745
18.0	18.0	0.04428639610535398
20.0	19.0	0.04200333236136692
19.0	19.0	0.04200333236136686
21.0	19.0	0.009520219836040317
18.0	19.0	0.046001666180683604
17.0	19.0	0.05
22.0	20.0	0.01731471659186976
18.0	20.0	0.009520219836040504
21.0	20.0	0.04600166618068319
20.0	20.0	0.04200333236136692
19.0	20.0	0.04200333236136686
22.0	21.0	0.04200333236136704
23.0	21.0	0.017314716591869773
21.0	21.0	0.04600166618068319
20.0	21.0	0.04200333236136692
19.0	21.0	0.01731471659186974
20.0	22.0	0.017314716591869745
21.0	22.0	0.04600166618068319
24.0	22.0	0.009520219836040527
22.0	22.0	0.04200333236136704
23.0	22.0	0.04200333236136712
21.0	23.0	0.009520219836040317
24.0	23.0	0.04600166618068376
23.0	23.0	0.04200333236136712
25.0	23.0	0.017314716591869797
22.0	23.0	0.04200333236136704
25.0	24.0	0.042003332361367225
23.0	24.0	0.04200333236136712
22.0	24.0	0.01731471659186976
24.0	24.0	0.04600166618068376
26.0	24.0	0.01731471659186983
26.0	25.0	0.04200333236136728
27.0	25.0	0.009520219836040376
25.0	25.0	0.042003332361367225
24.0	25.0	0.04600166618068376
23.0	25.0	0.017314716591869773
24.0	26.0	0.009520219836040527
28.0	26.0	0.01731471659186992
26.0	26.0	0.04200333236136728
27.0	26.0	0.04600166618068336
25.0	26.0	0.042003332361367225
25.0	27.0	0.017314716591869797
29.0	27.0	0.023696310790634105
28.0	27.0	0.04200333236136739
27.0	27.0	0.04600166618068336
26.0	27.0	0.04200333236136728
27.0	28.0	0.04600166618068336
26.0	28.0	0.01731471659186983
28.0	28.0	0.04200333236136739
29.0	28.0	0.03800499854205158
30.0	28.0	0.009520219836040409
30.0	29.0	0.04600166618068349
28.0	29.0	0.04200333236136739
31.0	29.0	0.01731471659186992
29.0	29.0	0.03800499854205158
27.0	29.0	0.009520219836040376
31.0	30.0	0.04200333236136762
30.0	30.0	0.04600166618068349
32.0	30.0	0.01731471659186992
29.0	30.0	0.03800499854205158
28.0	30.0	0.01731471659186992
29.0	31.0	0.023696310790634105
31.0	31.0	0.04200333236136762
32.0	31.0	0.042003332361367655
30.0	31.0	0.04600166618068349
33.0	31.0	0.009520219836040622
30.0	32.0	0.009520219836040409
31.0	32.0	0.04200333236136762
34.0	32.0	0.017314716591869953
32.0	32.0	0.042003332361367655
33.0	32.0	0.046001666180684006
35.0	33.0	0.017314716591869953
34.0	33.0	0.04200333236136768
33.0	33.0	0.046001666180684006
31.0	33.0	0.01731471659186992
32.0	33.0	0.042003332361367655
36.0	34.0	0.009520219836040409
32.0	34.0	0.01731471659186992
34.0	34.0	0.04200333236136768
35.0	34.0	0.0420033323613677
33.0	34.0	0.046001666180684006
36.0	35.0	0.046001666180683555
35.0	35.0	0.0420033323613677
33.0	35.0	0.009520219836040622
34.0	35.0	0.04200333236136768
37.0	35.0	0.01731471659186992
34.0	36.0	0.017314716591869953
38.0	36.0	0.01731471659186992
37.0	36.0	0.04200333236136771
36.0	36.0	0.046001666180683555
35.0	36.0	0.0420033323613677
39.0	37.0	0.009520219836040622
38.0	37.0	0.04200333236136771
37.0	37.0	0.04200333236136771
36.0	37.0	0.046001666180683555
35.0	37.0	0.017314716591869953
37.0	38.0	0.04200333236136771
36.0	38.0	0.009520219836040409
40.0	38.0	0.017314716591869953
38.0	38.0	0.04200333236136771
39.0	38.0	0.046001666180684034
37.0	39.0	0.028317289827193972
40.0	39.0	0.046001666180683874
39.0	39.0	0.04800083309034214
41.0	39.0	0.017314716591869953
38.0	39.0	0.04600166618068389
39.0	40.0	0.04800083309034214
41.0	40.0	0.046001666180683874
40.0	40.0	0.046001666180683874
42.0	40.0	0.017314716591869953
38.0	40.0	0.02831728982719398
40.0	41.0	0.046001666180683874
43.0	41.0	0.017314716591869953
41.0	41.0	0.046001666180683874
42.0	41.0	0.044818955781223205
39.0	41.0	0.017312467063681326
44.0	42.0	0.017314716591869953
40.0	42.0	0.017314716591869953
42.0	42.0	0.042003332361367225
43.0	42.0	0.042003332361367225
41.0	42.0	0.042003332361367225
42.0	43.0	0.042003332361367225
41.0	43.0	0.017314716591869953
43.0	43.0	0.042003332361367225
44.0	43.0	0.04200333236136723
45.0	43.0	0.009520219836040409
43.0	44.0	0.042003332361367225
45.0	44.0	0.04600166618068332
46.0	44.0	0.017314716591869922
44.0	44.0	0.04200333236136723
42.0	44.0	0.017314716591869953
46.0	45.0	0.04200333236136723
45.0	45.0	0.04600166618068332
47.0	45.0	0.01731471659186976
44.0	45.0	0.04200333236136723
43.0	45.0	0.017314716591869953
45.0	46.0	0.04600166618068332
44.0	46.0	0.017314716591869953
48.0	46.0	0.009520219836040428
46.0	46.0	0.04200333236136723
47.0	46.0	0.042003332361366746
48.0	47.0	0.046001666180683326
47.0	47.0	0.042003332361366746
45.0	47.0	0.009520219836040409
46.0	47.0	0.04200333236136723
49.0	47.0	0.01731471659186976
47.0	48.0	0.042003332361366746
46.0	48.0	0.017314716591869922
50.0	48.0	0.01731471659186976
48.0	48.0	0.046001666180683326
49.0	48.0	0.04200333236136673
51.0	49.0	0.009520219836040409
50.0	49.0	0.04200333236136673
49.0	49.0	0.04200333236136673
48.0	49.0	0.046001666180683326
47.0	49.0	0.01731471659186976
48.0	50.0	0.009520219836040428
52.0	50.0	0.01731471659186976
50.0	50.0	0.04200333236136673
51.0	50.0	0.046001666180683326
49.0	50.0	0.04200333236136673
49.0	51.0	0.01731471659186976
53.0	51.0	0.01731471659186976
52.0	51.0	0.04200333236136676
51.0	51.0	0.046001666180683326
50.0	51.0	0.04200333236136673
51.0	52.0	0.046001666180683326
50.0	52.0	0.01731471659186976
52.0	52.0	0.04200333236136676
53.0	52.0	0.042003332361366774
54.0	52.0	0.00952021983604043
52.0	53.0	0.04200333236136676
55.0	53.0	0.017314716591869766
54.0	53.0	0.04600166618068335
53.0	53.0	0.042003332361366774
51.0	53.0	0.009520219836040409
55.0	54.0	0.04200333236136679
56.0	54.0	0.01731471659186976
54.0	54.0	0.04600166618068335
53.0	54.0	0.042003332361366774
52.0	54.0	0.01731471659186976
53.0	55.0	0.01731471659186976
54.0	55.0	0.04600166618068335
55.0	55.0	0.04200333236136679
56.0	55.0	0.04200333236136681
57.0	55.0	0.009520219836040403
54.0	56.0	0.00952021983604043
55.0	56.0	0.04200333236136679
58.0	56.0	0.02369631079063375
56.0	56.0	0.04200333236136681
57.0	56.0	0.04600166618068338
58.0	57.0	0.03800499854205044
57.0	57.0	0.04600166618068338
59.0	57.0	0.017314716591869717
56.0	57.0	0.04200333236136681
55.0	57.0	0.017314716591869766
56.0	58.0	0.01731471659186976
58.0	58.0	0.03800499854205044
59.0	58.0	0.04200333236136699
57.0	58.0	0.04600166618068338
60.0	58.0	0.009520219836040377
57.0	59.0	0.009520219836040403
58.0	59.0	0.03800499854205044
61.0	59.0	0.017314716591869672
59.0	59.0	0.04200333236136699
60.0	59.0	0.04600166618068347
62.0	60.0	0.01731471659186962
61.0	60.0	0.042003332361367045
60.0	60.0	0.04600166618068347
59.0	60.0	0.04200333236136699
58.0	60.0	0.02369631079063375
59.0	61.0	0.017314716591869717
63.0	61.0	0.009520219836040336
61.0	61.0	0.042003332361367045
62.0	61.0	0.042003332361367045
60.0	61.0	0.04600166618068347
60.0	62.0	0.009520219836040377
63.0	62.0	0.04600166618068346
62.0	62.0	0.042003332361367045
64.0	62.0	0.023696310790633324
61.0	62.0	0.042003332361367045
62.0	63.0	0.042003332361367045
61.0	63.0	0.017314716591869672
65.0	63.0	0.0173147165918692
63.0	63.0	0.04600166618068346
64.0	63.0	0.03800499854205045
64.0	64.0	0.03800499854205045
66.0	64.0	0.009520219836040057
65.0	64.0	0.04200333236136677
63.0	64.0	0.04600166618068346
62.0	64.0	0.01731471659186962
63.0	65.0	0.009520219836040336
64.0	65.0	0.03800499854205045
67.0	65.0	0.01731471659186864
65.0	65.0	0.04200333236136677
66.0	65.0	0.046001666180683236
64.0	66.0	0.023696310790633324
68.0	66.0	0.017314716591867986
67.0	66.0	0.04200333236136628
66.0	66.0	0.046001666180683236
65.0	66.0	0.04200333236136677
66.0	67.0	0.046001666180683236
65.0	67.0	0.0173147165918692
67.0	67.0	0.04200333236136628
68.0	67.0	0.04200333236136567
69.0	67.0	0.009520219836039179
69.0	68.0	0.046001666180682466
67.0	68.0	0.04200333236136628
70.0	68.0	0.017314716591866317
68.0	68.0	0.04200333236136567
66.0	68.0	0.009520219836040057
70.0	69.0	0.042003332361364096
69.0	69.0	0.046001666180682466
71.0	69.0	0.01731471659186454
68.0	69.0	0.04200333236136567
67.0	69.0	0.01731471659186864
68.0	70.0	0.017314716591867986
69.0	70.0	0.046001666180682466
72.0	70.0	0.009520219836036937
70.0	70.0	0.042003332361364096
71.0	70.0	0.04200333236136235
69.0	71.0	0.009520219836039179
72.0	71.0	0.04600166618068019
71.0	71.0	0.04200333236136235
73.0	71.0	0.017314716591860155
70.0	71.0	0.042003332361364096
73.0	72.0	0.04200333236135795
71.0	72.0	0.04200333236136235
70.0	72.0	0.017314716591866317
72.0	72.0	0.04600166618068019
74.0	72.0	0.01731471659185533
74.0	73.0	0.042003332361353146
75.0	73.0	0.009520219836030689
73.0	73.0	0.04200333236135795
72.0	73.0	0.04600166618068019
71.0	73.0	0.01731471659186454
72.0	74.0	0.009520219836036937
76.0	74.0	0.04861894222520669
74.0	74.0	0.042003332361353146
75.0	74.0	0.04600166618067399
73.0	74.0	0.04200333236135795
73.0	75.0	0.031668388128553146
77.0	75.0	0.017314716591511004
76.0	75.0	0.04861894222520669
75.0	75.0	0.0480008330903321
74.0	75.0	0.04600166618066928
75.0	76.0	0.04600166618067399
74.0	76.0	0.01731471659185533
76.0	76.0	0.04861894222520669
77.0	76.0	0.03926848934203933
78.0	76.0	0.023696310789739237
78.0	77.0	0.0335801399046852
76.0	77.0	0.04861894222520669
79.0	77.0	0.009520219835601345
77.0	77.0	0.03971928083157079
75.0	77.0	0.009520219836030689
79.0	78.0	0.04600166618024413
78.0	78.0	0.0380049985411559
80.0	78.0	0.0173147165906787
77.0	78.0	0.04200333236100808
76.0	78.0	0.04861894222520669
77.0	79.0	0.017314716591511004
79.0	79.0	0.04600166618024413
80.0	79.0	0.04200333236017578
78.0	79.0	0.0380049985411559
81.0	79.0	0.01731471659009292
78.0	80.0	0.023696310789739237
79.0	80.0	0.04600166618024413
82.0	80.0	0.009520219834847255
80.0	80.0	0.04200333236017578
81.0	80.0	0.04200333235959001
83.0	81.0	0.02369631078522185
82.0	81.0	0.04600166617949035
81.0	81.0	0.04200333235959001
79.0	81.0	0.009520219835601345
80.0	81.0	0.04200333236017578
84.0	82.0	0.0173147165859705
80.0	82.0	0.0173147165906787
82.0	82.0	0.04600166617949035
83.0	82.0	0.0380049985366382
81.0	82.0	0.04200333235959001
84.0	83.0	0.04200333235546765
83.0	83.0	0.0380049985366382
81.0	83.0	0.01731471659009292
82.0	83.0	0.04600166617949035
85.0	83.0	0.009520219832078776
86.0	84.0	0.023696310772665815
82.0	84.0	0.009520219834847255
85.0	84.0	0.04600166617672191
84.0	84.0	0.04200333235546765
83.0	84.0	0.0380049985366382
86.0	85.0	0.03800499852408231
85.0	85.0	0.04600166617672191
87.0	85.0	0.017314716572283607
84.0	85.0	0.04200333235546765
83.0	85.0	0.02369631078522185
84.0	86.0	0.0173147165859705
85.0	86.0	0.04600166617672191
86.0	86.0	0.03800499852408231
87.0	86.0	0.04200333234178089
88.0	86.0	0.023696310741792126
85.0	87.0	0.009520219832078776
89.0	87.0	0.017314716538629118
88.0	87.0	0.038004998493209284
87.0	87.0	0.04200333234178089
86.0	87.0	0.03800499852408231
87.0	88.0	0.04200333234178089
88.0	88.0	0.038004998493209284
89.0	88.0	0.04200333230812657
86.0	88.0	0.023696310772665815
90.0	88.0	0.023696310657868223
90.0	89.0	0.03800499840928516
88.0	89.0	0.038004998493209284
91.0	89.0	0.017314716447146758
89.0	89.0	0.04200333230812657
87.0	89.0	0.017314716572283607
92.0	90.0	0.023696310429739773
91.0	90.0	0.042003332216644276
90.0	90.0	0.03800499840928516
89.0	90.0	0.04200333230812657
88.0	90.0	0.023696310741792126
93.0	91.0	0.017314716198471625
89.0	91.0	0.017314716538629118
90.0	91.0	0.03800499840928516
91.0	91.0	0.042003332216644276
92.0	91.0	0.038004998181157275
94.0	92.0	0.02892111675242084
93.0	92.0	0.04200333196796933
92.0	92.0	0.038004998181157275
90.0	92.0	0.023696310657868223
91.0	92.0	0.042003332216644276
92.0	93.0	0.038004998181157275
95.0	93.0	0.02369630860735042
91.0	93.0	0.017314716447146758
93.0	93.0	0.04200333196796933
94.0	93.0	0.03400666326033002
95.0	94.0	0.03800499635876787
94.0	94.0	0.03400666326033002
96.0	94.0	0.03319882041722158
93.0	94.0	0.04200333196796933
92.0	94.0	0.023696310429739773
97.0	95.0	0.03319880613022175
94.0	95.0	0.03400666326033002
93.0	95.0	0.017314716198471625
95.0	95.0	0.03800499635876787
96.0	95.0	0.03319882041722158
98.0	96.0	0.03319876729413037
96.0	96.0	0.03319882041722158
97.0	96.0	0.03319880613022175
95.0	96.0	0.03800499635876787
94.0	96.0	0.02892111675242084
99.0	97.0	0.038582614140563645
95.0	97.0	0.04608181420375639
97.0	97.0	0.04268789416732729
98.0	97.0	0.03490091063797229
96.0	97.0	0.04549166014603691
100.0	98.0	0.033198274255018076
99.0	98.0	0.03670089638554796
98.0	98.0	0.03319876729413037
96.0	98.0	0.03319882041722158
97.0	98.0	0.03319880613022175
101.0	99.0	0.03319732150742954
100.0	99.0	0.033198274255018076
99.0	99.0	0.03670089638554796
98.0	99.0	0.03319876729413037
97.0	99.0	0.03319880613022175
99.0	100.0	0.03670089638554796
98.0	100.0	0.03319876729413037
100.0	100.0	0.033198274255018076
101.0	100.0	0.03319732150742954
102.0	100.0	0.03669558981207284
102.0	101.0	0.03669558981207284
100.0	101.0	0.033198274255018076
103.0	101.0	0.03318522601052958
101.0	101.0	0.03319732150742954
99.0	101.0	0.03670089638554796
103.0	102.0	0.03318522601052958
102.0	102.0	0.03669558981207284
104.0	102.0	0.03316185270154311
101.0	102.0	0.03319732150742954
100.0	102.0	0.033198274255018076
101.0	103.0	0.03319732150742954
102.0	103.0	0.03669558981207284
103.0	103.0	0.03318522601052958
104.0	103.0	0.03316185270154311
105.0	103.0	0.0
102.0	104.0	0.03669558981207284
103.0	104.0	0.03318522601052958
106.0	104.0	0.005
104.0	104.0	0.03316185270154311
105.0	104.0	0.0
106.0	105.0	0.05
105.0	105.0	0.0
107.0	105.0	0.005
104.0	105.0	0.03316185270154311
103.0	105.0	0.03318522601052958
104.0	106.0	0.05
106.0	106.0	0.05
107.0	106.0	0.05
105.0	106.0	0.0
108.0	106.0	0.005
105.0	107.0	0.0
106.0	107.0	0.05
109.0	107.0	0.005
107.0	107.0	0.05
108.0	107.0	0.05
110.0	108.0	0.005
109.0	108.0	0.05
108.0	108.0	0.075
107.0	108.0	0.05
106.0	108.0	0.005
107.0	109.0	0.005
111.0	109.0	0.005
109.0	109.0	0.075
110.0	109.0	0.05
108.0	109.0	0.05
108.0	110.0	0.005
111.0	110.0	0.05
110.0	110.0	0.075
112.0	110.0	0.005
109.0	110.0	0.05
110.0	111.0	0.05
109.0	111.0	0.005
111.0	111.0	0.075
113.0	111.0	0.005
112.0	111.0	0.05
114.0	112.0	0.005
112.0	112.0	0.075
113.0	112.0	0.05
111.0	112.0	0.05
110.0	112.0	0.005
111.0	113.0	0.005
112.0	113.0	0.05
115.0	113.0	0.005
113.0	113.0	0.075
114.0	113.0	0.05
112.0	114.0	0.005
115.0	114.0	0.05
114.0	114.0	0.075
116.0	114.0	0.005
113.0	114.0	0.05
117.0	115.0	0.005
114.0	115.0	0.05
113.0	115.0	0.005
115.0	115.0	0.075
116.0	115.0	0.05
114.0	116.0	0.005
117.0	116.0	0.05
116.0	116.0	0.075
118.0	116.0	0.005
115.0	116.0	0.05
116.0	117.0	0.05
115.0	117.0	0.005
117.0	117.0	0.075
118.0	117.0	0.05
119.0	117.0	0.005
119.0	118.0	0.05
118.0	118.0	0.075
120.0	118.0	0.005
117.0	118.0	0.05
116.0	118.0	0.005
121.0	119.0	0.005
117.0	119.0	0.005
120.0	119.0	0.05
119.0	119.0	0.075
118.0	119.0	0.05
120.0	120.0	0.075
122.0	120.0	0.005
121.0	120.0	0.05
119.0	120.0	0.05
118.0	120.0	0.005
119.0	121.0	0.005
123.0	121.0	0.005
120.0	121.0	0.05
121.0	121.0	0.075
122.0	121.0	0.05
120.0	122.0	0.005
123.0	122.0	0.05
122.0	122.0	0.075
124.0	122.0	0.005
121.0	122.0	0.05
124.0	123.0	0.05
122.0	123.0	0.05
121.0	123.0	0.005
123.0	123.0	0.075
125.0	123.0	0.005
124.0	124.0	0.075
126.0	124.0	0.005
125.0	124.0	0.05
123.0	124.0	0.05
122.0	124.0	0.005
123.0	125.0	0.005
127.0	125.0	0.005
125.0	125.0	0.075
126.0	125.0	0.05
124.0	125.0	0.05
124.0	126.0	0.005
128.0	126.0	0.005
126.0	126.0	0.075
127.0	126.0	0.05
125.0	126.0	0.05
129.0	127.0	0.005
126.0	127.0	0.05
125.0	127.0	0.005
127.0	127.0	0.075
128.0	127.0	0.05
127.0	128.0	0.05
128.0	128.0	0.075
129.0	128.0	0.05
126.0	128.0	0.005
127.0	129.0	0.005
128.0	129.0	0.05
129.0	129.0	0.075
128.0	130.0	0.005
129.0	130.0	0.05
