# columns = ['i', 'j', 'weight']
2.0	0.0	0.005
0.0	0.0	0.075
1.0	0.0	0.05
3.0	1.0	0.005
2.0	1.0	0.05
1.0	1.0	0.075
0.0	1.0	0.05
1.0	2.0	0.05
2.0	2.0	0.075
3.0	2.0	0.05
0.0	2.0	0.005
4.0	2.0	0.005
2.0	3.0	0.05
4.0	3.0	0.05
5.0	3.0	0.005
3.0	3.0	0.075
1.0	3.0	0.005
5.0	4.0	0.05
4.0	4.0	0.075
6.0	4.0	0.005
3.0	4.0	0.05
2.0	4.0	0.005
3.0	5.0	0.005
4.0	5.0	0.05
7.0	5.0	0.005
5.0	5.0	0.075
6.0	5.0	0.05
4.0	6.0	0.005
7.0	6.0	0.05
6.0	6.0	0.075
8.0	6.0	0.005
5.0	6.0	0.05
8.0	7.0	0.05
7.0	7.0	0.075
9.0	7.0	0.005
6.0	7.0	0.05
5.0	7.0	0.005
7.0	8.0	0.05
8.0	8.0	0.075
9.0	8.0	0.05
6.0	8.0	0.005
10.0	8.0	0.005
7.0	9.0	0.005
8.0	9.0	0.05
10.0	9.0	0.05
11.0	9.0	0.005
9.0	9.0	0.075
11.0	10.0	0.05
10.0	10.0	0.075
12.0	10.0	0.005
9.0	10.0	0.05
8.0	10.0	0.005
13.0	11.0	0.005
9.0	11.0	0.005
11.0	11.0	0.075
10.0	11.0	0.05
12.0	11.0	0.05
13.0	12.0	0.05
12.0	12.0	0.075
14.0	12.0	0.005
11.0	12.0	0.05
10.0	12.0	0.005
15.0	13.0	0.005
11.0	13.0	0.005
13.0	13.0	0.075
14.0	13.0	0.05
12.0	13.0	0.05
16.0	14.0	0.005
15.0	14.0	0.05
14.0	14.0	0.075
12.0	14.0	0.005
13.0	14.0	0.05
17.0	15.0	0.005
16.0	15.0	0.05
15.0	15.0	0.075
14.0	15.0	0.05
13.0	15.0	0.005
15.0	16.0	0.05
14.0	16.0	0.005
16.0	16.0	0.075
17.0	16.0	0.05
18.0	16.0	0.005
18.0	17.0	0.05
16.0	17.0	0.05
19.0	17.0	0.005
17.0	17.0	0.075
15.0	17.0	0.005
19.0	18.0	0.05
18.0	18.0	0.075
20.0	18.0	0.005
17.0	18.0	0.05
16.0	18.0	0.005
17.0	19.0	0.005
18.0	19.0	0.05
19.0	19.0	0.075
20.0	19.0	0.05
21.0	19.0	0.005
18.0	20.0	0.005
19.0	20.0	0.05
22.0	20.0	0.005
20.0	20.0	0.075
21.0	20.0	0.05
22.0	21.0	0.05
21.0	21.0	0.075
23.0	21.0	0.005
20.0	21.0	0.05
19.0	21.0	0.005
20.0	22.0	0.005
22.0	22.0	0.075
23.0	22.0	0.05
21.0	22.0	0.05
24.0	22.0	0.005
21.0	23.0	0.005
22.0	23.0	0.05
25.0	23.0	0.005
23.0	23.0	0.075
24.0	23.0	0.05
26.0	24.0	0.005
25.0	24.0	0.05
24.0	24.0	0.075
23.0	24.0	0.05
22.0	24.0	0.005
23.0	25.0	0.005
27.0	25.0	0.005
25.0	25.0	0.075
26.0	25.0	0.05
24.0	25.0	0.05
24.0	26.0	0.005
27.0	26.0	0.05
26.0	26.0	0.075
28.0	26.0	0.005
25.0	26.0	0.05
26.0	27.0	0.05
25.0	27.0	0.005
27.0	27.0	0.075
29.0	27.0	0.005
28.0	27.0	0.05
29.0	28.0	0.05
28.0	28.0	0.075
30.0	28.0	0.005
27.0	28.0	0.05
26.0	28.0	0.005
27.0	29.0	0.005
31.0	29.0	0.005
29.0	29.0	0.075
30.0	29.0	0.05
28.0	29.0	0.05
28.0	30.0	0.005
32.0	30.0	0.005
31.0	30.0	0.05
30.0	30.0	0.075
29.0	30.0	0.05
30.0	31.0	0.05
29.0	31.0	0.005
31.0	31.0	0.075
32.0	31.0	0.05
33.0	31.0	0.005
33.0	32.0	0.05
31.0	32.0	0.05
34.0	32.0	0.005
32.0	32.0	0.075
30.0	32.0	0.005
34.0	33.0	0.05
33.0	33.0	0.075
35.0	33.0	0.005
32.0	33.0	0.05
31.0	33.0	0.005
32.0	34.0	0.005
33.0	34.0	0.05
36.0	34.0	0.005
34.0	34.0	0.075
35.0	34.0	0.05
33.0	35.0	0.005
36.0	35.0	0.05
35.0	35.0	0.075
37.0	35.0	0.005
34.0	35.0	0.05
37.0	36.0	0.05
35.0	36.0	0.05
34.0	36.0	0.005
36.0	36.0	0.075
38.0	36.0	0.005
38.0	37.0	0.05
39.0	37.0	0.005
37.0	37.0	0.075
36.0	37.0	0.05
35.0	37.0	0.005
36.0	38.0	0.005
40.0	38.0	0.005
38.0	38.0	0.075
39.0	38.0	0.05
37.0	38.0	0.05
37.0	39.0	0.005
41.0	39.0	0.005
40.0	39.0	0.05
39.0	39.0	0.075
38.0	39.0	0.05
39.0	40.0	0.05
38.0	40.0	0.005
40.0	40.0	0.075
41.0	40.0	0.05
42.0	40.0	0.005
42.0	41.0	0.05
40.0	41.0	0.05
43.0	41.0	0.005
41.0	41.0	0.075
39.0	41.0	0.005
43.0	42.0	0.05
42.0	42.0	0.075
44.0	42.0	0.005
41.0	42.0	0.05
40.0	42.0	0.005
41.0	43.0	0.005
43.0	43.0	0.075
44.0	43.0	0.05
42.0	43.0	0.05
45.0	43.0	0.005
42.0	44.0	0.005
43.0	44.0	0.05
46.0	44.0	0.005
44.0	44.0	0.075
45.0	44.0	0.05
47.0	45.0	0.005
46.0	45.0	0.05
45.0	45.0	0.075
43.0	45.0	0.005
44.0	45.0	0.05
48.0	46.0	0.005
44.0	46.0	0.005
46.0	46.0	0.075
47.0	46.0	0.05
45.0	46.0	0.05
48.0	47.0	0.05
47.0	47.0	0.075
45.0	47.0	0.005
46.0	47.0	0.05
49.0	47.0	0.005
50.0	48.0	0.005
46.0	48.0	0.005
49.0	48.0	0.05
48.0	48.0	0.075
47.0	48.0	0.05
50.0	49.0	0.05
49.0	49.0	0.075
51.0	49.0	0.005
48.0	49.0	0.05
47.0	49.0	0.005
48.0	50.0	0.005
49.0	50.0	0.05
50.0	50.0	0.075
51.0	50.0	0.05
52.0	50.0	0.005
49.0	51.0	0.005
53.0	51.0	0.005
52.0	51.0	0.05
51.0	51.0	0.075
50.0	51.0	0.05
51.0	52.0	0.05
52.0	52.0	0.075
53.0	52.0	0.05
50.0	52.0	0.005
54.0	52.0	0.005
54.0	53.0	0.05
52.0	53.0	0.05
55.0	53.0	0.005
53.0	53.0	0.075
51.0	53.0	0.005
56.0	54.0	0.005
55.0	54.0	0.05
54.0	54.0	0.075
53.0	54.0	0.05
52.0	54.0	0.005
57.0	55.0	0.005
53.0	55.0	0.005
54.0	55.0	0.05
55.0	55.0	0.075
56.0	55.0	0.05
58.0	56.0	0.005
57.0	56.0	0.05
56.0	56.0	0.075
54.0	56.0	0.005
55.0	56.0	0.05
56.0	57.0	0.05
59.0	57.0	0.005
55.0	57.0	0.005
57.0	57.0	0.075
58.0	57.0	0.05
59.0	58.0	0.05
58.0	58.0	0.075
60.0	58.0	0.005
57.0	58.0	0.05
56.0	58.0	0.005
61.0	59.0	0.005
58.0	59.0	0.05
57.0	59.0	0.005
59.0	59.0	0.075
60.0	59.0	0.05
61.0	60.0	0.05
60.0	60.0	0.075
62.0	60.0	0.005
59.0	60.0	0.05
58.0	60.0	0.005
63.0	61.0	0.005
59.0	61.0	0.005
61.0	61.0	0.075
62.0	61.0	0.05
60.0	61.0	0.05
64.0	62.0	0.005
63.0	62.0	0.05
62.0	62.0	0.075
60.0	62.0	0.005
61.0	62.0	0.05
65.0	63.0	0.005
64.0	63.0	0.05
63.0	63.0	0.075
62.0	63.0	0.05
61.0	63.0	0.005
63.0	64.0	0.05
62.0	64.0	0.005
64.0	64.0	0.05
65.0	64.0	0.05
66.0	64.0	0.017180840159704405
66.0	65.0	0.05
64.0	65.0	0.05
67.0	65.0	0.0014394552334602599
65.0	65.0	0.05
63.0	65.0	0.005
68.0	66.0	0.00952021983604051
67.0	66.0	0.04600166618068317
66.0	66.0	0.04191621430340524
65.0	66.0	0.05
64.0	66.0	0.005
65.0	67.0	0.005
67.0	67.0	0.04600166618068317
68.0	67.0	0.046001666180683666
66.0	67.0	0.04191621430340524
69.0	67.0	0.017314716591869752
66.0	68.0	0.04191621430340524
67.0	68.0	0.04600166618068317
70.0	68.0	0.009520219836040322
68.0	68.0	0.046001666180683666
69.0	68.0	0.04200333236136702
71.0	69.0	0.009520219836040516
70.0	69.0	0.04600166618068324
69.0	69.0	0.04200333236136702
68.0	69.0	0.046001666180683666
67.0	69.0	0.009615917316260821
68.0	70.0	0.009615917316261335
72.0	70.0	0.009520219836040327
70.0	70.0	0.04600166618068324
71.0	70.0	0.04600166618068374
69.0	70.0	0.04200333236136702
69.0	71.0	0.017314716591869752
72.0	71.0	0.04600166618068328
71.0	71.0	0.04600166618068374
73.0	71.0	0.017314716591869794
70.0	71.0	0.04600166618068324
71.0	72.0	0.04600166618068374
70.0	72.0	0.009615917316260906
72.0	72.0	0.04600166618068328
74.0	72.0	0.00952021983604054
73.0	72.0	0.04200333236136722
74.0	73.0	0.048196667222089984
73.0	73.0	0.04639333444417984
75.0	73.0	0.010008331944774925
72.0	73.0	0.048196667222089484
71.0	73.0	0.01139079637229031
72.0	74.0	0.009520219836040327
73.0	74.0	0.04200333236136722
76.0	74.0	0.009520219836040558
74.0	74.0	0.046001666180683805
75.0	74.0	0.04600166618068334
73.0	75.0	0.017314716591869794
76.0	75.0	0.04600166618068384
75.0	75.0	0.04600166618068334
77.0	75.0	0.01731471659186988
74.0	75.0	0.046001666180683805
77.0	76.0	0.04639333444417983
76.0	76.0	0.048196667222089984
78.0	76.0	0.010008331944774925
75.0	76.0	0.048196667222089484
74.0	76.0	0.011390796372290304
76.0	77.0	0.048196667222089984
77.0	77.0	0.04639333444417983
78.0	77.0	0.048196667222089484
75.0	77.0	0.011390796372289824
79.0	77.0	0.010008331944775146
76.0	78.0	0.009520219836040558
77.0	78.0	0.04200333236136737
79.0	78.0	0.04600166618068391
80.0	78.0	0.009520219836040409
78.0	78.0	0.04600166618068341
80.0	79.0	0.04600166618068346
79.0	79.0	0.04600166618068391
81.0	79.0	0.023696310790634105
78.0	79.0	0.04600166618068341
77.0	79.0	0.01731471659186988
82.0	80.0	0.010008331944774925
78.0	80.0	0.011390796372289824
81.0	80.0	0.04459000166627006
80.0	80.0	0.048196667222089484
79.0	80.0	0.048196667222089984
82.0	81.0	0.0481966672220895
83.0	81.0	0.010008331944775146
81.0	81.0	0.04459000166627006
80.0	81.0	0.048196667222089484
79.0	81.0	0.011390796372290315
80.0	82.0	0.009520219836040409
81.0	82.0	0.038004998542051686
84.0	82.0	0.009520219836040409
82.0	82.0	0.04600166618068352
83.0	82.0	0.046001666180684006
81.0	83.0	0.023696310790634105
84.0	83.0	0.046001666180683534
83.0	83.0	0.046001666180684006
85.0	83.0	0.01731471659186992
82.0	83.0	0.04600166618068352
85.0	84.0	0.046393334444179875
83.0	84.0	0.04819666722209
82.0	84.0	0.01139079637228983
84.0	84.0	0.0481966672220895
86.0	84.0	0.010008331944775146
86.0	85.0	0.04819666722209
87.0	85.0	0.010008331944774925
85.0	85.0	0.046393334444179875
84.0	85.0	0.0481966672220895
83.0	85.0	0.01139079637229031
84.0	86.0	0.009520219836040409
88.0	86.0	0.009520219836040622
86.0	86.0	0.04600166618068402
87.0	86.0	0.04600166618068355
85.0	86.0	0.042003332361367676
85.0	87.0	0.01731471659186992
89.0	87.0	0.017314716591869953
88.0	87.0	0.046001666180684034
87.0	87.0	0.04600166618068355
86.0	87.0	0.04600166618068402
87.0	88.0	0.04819666722208951
86.0	88.0	0.011390796372290329
88.0	88.0	0.04819666722209001
89.0	88.0	0.04639333444417991
90.0	88.0	0.010008331944774929
90.0	89.0	0.04819666722208955
88.0	89.0	0.04819666722209001
91.0	89.0	0.01000833194477515
89.0	89.0	0.04639333444417991
87.0	89.0	0.011390796372289852
91.0	90.0	0.046001666180684034
90.0	90.0	0.046001666180683555
92.0	90.0	0.009520219836040409
89.0	90.0	0.04200333236136771
88.0	90.0	0.009520219836040622
89.0	91.0	0.017314716591869953
91.0	91.0	0.046001666180684034
92.0	91.0	0.046001666180683555
90.0	91.0	0.046001666180683555
93.0	91.0	0.033198828731922564
90.0	92.0	0.011390796372289867
91.0	92.0	0.04819666722209004
94.0	92.0	0.018202461094975184
92.0	92.0	0.048196667222089574
93.0	92.0	0.04098333611044991
95.0	93.0	0.018202461094975208
94.0	93.0	0.04639333444417975
93.0	93.0	0.04098333611044991
91.0	93.0	0.011390796372290362
92.0	93.0	0.048196667222089574
96.0	94.0	0.009520219836040409
92.0	94.0	0.009520219836040409
94.0	94.0	0.042003332361367225
95.0	94.0	0.042003332361367225
93.0	94.0	0.033198828731922564
96.0	95.0	0.04600166618068332
95.0	95.0	0.042003332361367225
93.0	95.0	0.033198828731922564
94.0	95.0	0.042003332361367225
97.0	95.0	0.017314716591869922
94.0	96.0	0.02831728982719371
98.0	96.0	0.017314716591869922
97.0	96.0	0.04600166618068389
96.0	96.0	0.048000833090341664
95.0	96.0	0.046001666180683874
99.0	97.0	0.009520219836040428
98.0	97.0	0.04200333236136723
97.0	97.0	0.04200333236136723
96.0	97.0	0.04600166618068332
95.0	97.0	0.017314716591869953
97.0	98.0	0.04200333236136723
96.0	98.0	0.009520219836040409
100.0	98.0	0.01731471659186976
98.0	98.0	0.04200333236136723
99.0	98.0	0.046001666180683326
97.0	99.0	0.017314716591869922
100.0	99.0	0.04200333236136673
99.0	99.0	0.046001666180683326
101.0	99.0	0.023696310790633758
98.0	99.0	0.04200333236136723
99.0	100.0	0.046001666180683326
101.0	100.0	0.03800499854205017
100.0	100.0	0.04200333236136673
102.0	100.0	0.009520219836040428
98.0	100.0	0.017314716591869922
100.0	101.0	0.04200333236136673
103.0	101.0	0.01731471659186976
101.0	101.0	0.03800499854205017
102.0	101.0	0.04600166618068333
99.0	101.0	0.009520219836040428
104.0	102.0	0.01731471659186976
100.0	102.0	0.01731471659186976
102.0	102.0	0.04600166618068333
103.0	102.0	0.04200333236136674
101.0	102.0	0.03800499854205017
102.0	103.0	0.04600166618068333
101.0	103.0	0.023696310790633758
103.0	103.0	0.04200333236136674
104.0	103.0	0.04200333236136675
105.0	103.0	0.00952021983604041
103.0	104.0	0.04200333236136674
105.0	104.0	0.04600166618068333
106.0	104.0	0.01731471659186976
104.0	104.0	0.04200333236136675
102.0	104.0	0.009520219836040428
106.0	105.0	0.04200333236136679
105.0	105.0	0.04600166618068333
107.0	105.0	0.017314716591869762
104.0	105.0	0.04200333236136675
103.0	105.0	0.01731471659186976
105.0	106.0	0.04600166618068333
104.0	106.0	0.01731471659186976
108.0	106.0	0.009520219836040431
106.0	106.0	0.04200333236136679
107.0	106.0	0.04200333236136681
108.0	107.0	0.046001666180683375
107.0	107.0	0.04200333236136681
105.0	107.0	0.00952021983604041
106.0	107.0	0.04200333236136679
109.0	107.0	0.017314716591869773
107.0	108.0	0.04200333236136681
106.0	108.0	0.01731471659186976
110.0	108.0	0.01731471659186978
108.0	108.0	0.046001666180683375
109.0	108.0	0.04200333236136687
111.0	109.0	0.00952021983604042
110.0	109.0	0.04200333236136694
109.0	109.0	0.04200333236136687
108.0	109.0	0.046001666180683375
107.0	109.0	0.017314716591869762
108.0	110.0	0.009520219836040431
112.0	110.0	0.023696310790633845
110.0	110.0	0.04200333236136694
111.0	110.0	0.04600166618068346
109.0	110.0	0.04200333236136687
109.0	111.0	0.017314716591869773
113.0	111.0	0.01731471659186982
112.0	111.0	0.03800499854205076
111.0	111.0	0.04600166618068346
110.0	111.0	0.04200333236136694
111.0	112.0	0.04600166618068346
110.0	112.0	0.01731471659186978
112.0	112.0	0.03800499854205076
113.0	112.0	0.042003332361367204
114.0	112.0	0.009520219836040449
112.0	113.0	0.03800499854205076
115.0	113.0	0.017314716591869866
114.0	113.0	0.04600166618068357
113.0	113.0	0.042003332361367204
111.0	113.0	0.00952021983604042
115.0	114.0	0.042003332361367295
116.0	114.0	0.01731471659186992
114.0	114.0	0.04600166618068357
113.0	114.0	0.042003332361367204
112.0	114.0	0.023696310790633845
113.0	115.0	0.01731471659186982
114.0	115.0	0.04600166618068357
115.0	115.0	0.042003332361367295
116.0	115.0	0.042003332361367364
117.0	115.0	0.009520219836040539
114.0	116.0	0.009520219836040449
115.0	116.0	0.042003332361367295
118.0	116.0	0.01731471659186996
116.0	116.0	0.042003332361367364
117.0	116.0	0.04600166618068366
118.0	117.0	0.04200333236136752
117.0	117.0	0.04600166618068366
119.0	117.0	0.01731471659186996
116.0	117.0	0.042003332361367364
115.0	117.0	0.017314716591869866
116.0	118.0	0.01731471659186992
118.0	118.0	0.04200333236136752
119.0	118.0	0.042003332361367586
117.0	118.0	0.04600166618068366
120.0	118.0	0.009520219836040499
117.0	119.0	0.009520219836040539
118.0	119.0	0.04200333236136752
121.0	119.0	0.01731471659186992
119.0	119.0	0.042003332361367586
120.0	119.0	0.046001666180683756
122.0	120.0	0.02369631079063406
121.0	120.0	0.042003332361367655
120.0	120.0	0.046001666180683756
119.0	120.0	0.042003332361367586
118.0	120.0	0.01731471659186996
119.0	121.0	0.01731471659186996
123.0	121.0	0.009520219836040499
121.0	121.0	0.042003332361367655
122.0	121.0	0.038004998542051596
120.0	121.0	0.046001666180683756
120.0	122.0	0.009520219836040499
123.0	122.0	0.04600166618068379
122.0	122.0	0.038004998542051596
124.0	122.0	0.01731471659186992
121.0	122.0	0.042003332361367655
122.0	123.0	0.038004998542051596
121.0	123.0	0.01731471659186992
125.0	123.0	0.01731471659186992
123.0	123.0	0.04600166618068379
124.0	123.0	0.0420033323613677
124.0	124.0	0.0420033323613677
126.0	124.0	0.009520219836040539
125.0	124.0	0.04200333236136771
123.0	124.0	0.04600166618068379
122.0	124.0	0.02369631079063406
123.0	125.0	0.017022652226010036
124.0	125.0	0.04600166618068385
127.0	125.0	0.01731471659186996
125.0	125.0	0.04600166618068385
126.0	125.0	0.0480008330903419
124.0	126.0	0.01731471659186992
128.0	126.0	0.01731471659186996
127.0	126.0	0.04200333236136772
126.0	126.0	0.046001666180683784
125.0	126.0	0.04200333236136771
126.0	127.0	0.046001666180683784
125.0	127.0	0.01731471659186992
127.0	127.0	0.04200333236136772
128.0	127.0	0.04200333236136747
129.0	127.0	0.009520219836040499
129.0	128.0	0.046001666180683576
127.0	128.0	0.04200333236136772
130.0	128.0	0.01731471659186992
128.0	128.0	0.04200333236136747
126.0	128.0	0.009520219836040539
130.0	129.0	0.04200333236136723
129.0	129.0	0.046001666180683576
131.0	129.0	0.01731471659186992
128.0	129.0	0.04200333236136747
127.0	129.0	0.01731471659186996
128.0	130.0	0.01731471659186996
129.0	130.0	0.046001666180683576
132.0	130.0	0.01731471659186992
130.0	130.0	0.04200333236136723
131.0	130.0	0.04200333236136723
129.0	131.0	0.009520219836040499
132.0	131.0	0.04200333236136723
131.0	131.0	0.04200333236136723
133.0	131.0	0.01731471659186992
130.0	131.0	0.04200333236136723
133.0	132.0	0.04200333236136723
131.0	132.0	0.04200333236136723
130.0	132.0	0.01731471659186992
132.0	132.0	0.04200333236136723
134.0	132.0	0.01731471659186992
134.0	133.0	0.04200333236136723
135.0	133.0	0.009520219836040308
133.0	133.0	0.04200333236136723
132.0	133.0	0.04200333236136723
131.0	133.0	0.01731471659186992
132.0	134.0	0.028633732984560494
136.0	134.0	0.009520219836040499
134.0	134.0	0.04600166618068387
135.0	134.0	0.04721102676000028
133.0	134.0	0.04600166618068387
133.0	135.0	0.01731471659186992
137.0	135.0	0.009520219836040308
136.0	135.0	0.046001666180683576
135.0	135.0	0.046001666180683076
134.0	135.0	0.04200333236136723
135.0	136.0	0.046001666180683076
134.0	136.0	0.01731471659186992
136.0	136.0	0.046001666180683576
137.0	136.0	0.046001666180683076
138.0	136.0	0.017314716591869738
138.0	137.0	0.04639333444417973
136.0	137.0	0.04819666722208988
139.0	137.0	0.010008331944775146
137.0	137.0	0.04819666722208941
135.0	137.0	0.011390796372289697
140.0	138.0	0.010008331944774925
139.0	138.0	0.04819666722208993
138.0	138.0	0.04639333444417973
137.0	138.0	0.04819666722208941
136.0	138.0	0.011390796372290204
138.0	139.0	0.04600166618068339
137.0	139.0	0.01648575965788674
139.0	139.0	0.04800083309034191
140.0	139.0	0.048000833090341415
141.0	139.0	0.0
138.0	140.0	0.02648083971562919
139.0	140.0	0.04800083309034191
142.0	140.0	0.013902647125178835
140.0	140.0	0.048000833090341415
141.0	140.0	0.034482279434985025
143.0	141.0	0.003937971767687602
142.0	141.0	0.03537231422524837
141.0	141.0	0.03733742120858208
139.0	141.0	0.010008331944775146
140.0	141.0	0.048196667222180994
144.0	142.0	0.005038341385533668
140.0	142.0	0.011390796372289784
142.0	142.0	0.03447064783608405
143.0	142.0	0.039421307878137406
141.0	142.0	0.03643575481946778
144.0	143.0	0.03477935802751647
143.0	143.0	0.03362257125294502
141.0	143.0	0.0
142.0	143.0	0.024213001057246088
145.0	143.0	0.01304887200967872
146.0	144.0	0.012967892374591063
142.0	144.0	0.013902647125178835
145.0	144.0	0.017361725212805008
144.0	144.0	0.03477935802751647
143.0	144.0	0.03362257125294502
146.0	145.0	0.04145517456765824
147.0	145.0	0.00817997459521397
145.0	145.0	0.029953512657479954
144.0	145.0	0.04052167749598299
143.0	145.0	0.003937971767687602
144.0	146.0	0.005038341385533668
145.0	146.0	0.029953512657479954
148.0	146.0	0.008511399555073254
146.0	146.0	0.04145517456765824
147.0	146.0	0.043663310705663434
145.0	147.0	0.01304887200967872
148.0	147.0	0.03843048369718688
147.0	147.0	0.038082066216268716
149.0	147.0	0.014971424517747548
146.0	147.0	0.033658174324768135
149.0	148.0	0.031663372648612374
148.0	148.0	0.03843048369718688
150.0	148.0	0.014451894823821317
147.0	148.0	0.038082066216268716
146.0	148.0	0.012967892374591063
148.0	149.0	0.043994735665523116
149.0	149.0	0.040557660517255005
150.0	149.0	0.04286680136340034
147.0	149.0	0.00817997459521397
151.0	149.0	0.009335716864756823
148.0	150.0	0.008511399555073254
149.0	150.0	0.040557660517255005
151.0	150.0	0.04481905297520661
152.0	150.0	0.009457641293780107
150.0	150.0	0.04286680136340034
152.0	151.0	0.03942524028727353
151.0	151.0	0.03929706465909969
153.0	151.0	0.016452667613140286
150.0	151.0	0.0351421767740019
149.0	151.0	0.014971424517747548
154.0	152.0	0.014997828815541962
150.0	152.0	0.014451894823821317
152.0	152.0	0.03942524028727353
151.0	152.0	0.03929706465909969
153.0	152.0	0.033144615744005616
154.0	153.0	0.04338610984016041
153.0	153.0	0.04196666253443151
155.0	153.0	0.009760890685014446
152.0	153.0	0.04494097740422942
151.0	153.0	0.009335716864756823
156.0	154.0	0.009805744175828694
152.0	154.0	0.009457641293780107
154.0	154.0	0.04338610984016041
155.0	154.0	0.04524422679546369
153.0	154.0	0.04196666253443151
157.0	155.0	0.01699758649531248
156.0	155.0	0.039791190785736896
155.0	155.0	0.03974403760727184
153.0	155.0	0.016452667613140286
154.0	155.0	0.035688110765723084
158.0	156.0	0.021580260906096924
157.0	156.0	0.033689534626177124
156.0	156.0	0.039791190785736896
155.0	156.0	0.03974403760727184
154.0	156.0	0.014997828815541962
156.0	157.0	0.045289080286278434
155.0	157.0	0.009760890685014446
157.0	157.0	0.042485005409119134
158.0	157.0	0.041773819974476746
159.0	157.0	0.009917303392411562
159.0	158.0	0.04540063950286073
157.0	158.0	0.042485005409119134
160.0	158.0	0.009933804069546883
158.0	158.0	0.041773819974476746
156.0	158.0	0.009805744175828694
160.0	159.0	0.03992581645060773
159.0	159.0	0.03990846976566425
161.0	159.0	0.023536646304452836
158.0	159.0	0.03189061483819786
157.0	159.0	0.01699758649531248
158.0	160.0	0.021580260906096924
159.0	160.0	0.03990846976566425
160.0	160.0	0.03992581645060773
161.0	160.0	0.027849499507578892
162.0	160.0	0.015280345206707102
159.0	161.0	0.009917303392411562
160.0	161.0	0.045417140179996575
163.0	161.0	0.00998091467168442
161.0	161.0	0.039929792164190875
162.0	161.0	0.04365484774434046
163.0	162.0	0.04546425078213408
162.0	162.0	0.04365484774434046
164.0	162.0	0.009985884580130203
161.0	162.0	0.039929792164190875
160.0	162.0	0.009933804069546883
161.0	163.0	0.02475936906763342
163.0	163.0	0.04636591717108922
164.0	163.0	0.046370887079534545
162.0	163.0	0.04455651413329563
165.0	163.0	0.018169035828712758
162.0	164.0	0.015280345206707102
163.0	164.0	0.04197450937462603
166.0	164.0	0.015302598679436338
164.0	164.0	0.04197973409572626
165.0	164.0	0.03796985952574103
167.0	165.0	0.009998245693672013
166.0	165.0	0.04457768229135299
165.0	165.0	0.04455657640000752
164.0	165.0	0.046370887079534545
163.0	165.0	0.01073136632444675
164.0	166.0	0.009985884580130203
168.0	166.0	0.010000074020813736
166.0	166.0	0.04367601590239782
167.0	166.0	0.0454815818041212
165.0	166.0	0.042753243622097405
165.0	167.0	0.017279577575559528
168.0	167.0	0.039995484134932646
167.0	167.0	0.03999356206745338
169.0	167.0	0.01730178967018623
166.0	167.0	0.03599288062961755
167.0	168.0	0.03999356206745338
166.0	168.0	0.015302598679436338
168.0	168.0	0.039995484134932646
170.0	168.0	0.01531078527454803
169.0	168.0	0.03399373780105051
170.0	169.0	0.04368380323255468
171.0	169.0	0.010004621420355754
169.0	169.0	0.04277437242008568
168.0	169.0	0.04548341013126339
167.0	169.0	0.009998245693672013
168.0	170.0	0.010000074020813736
169.0	170.0	0.04277437242008568
172.0	170.0	0.010005294024322917
170.0	170.0	0.04368380323255468
171.0	170.0	0.04548795753080544
169.0	171.0	0.01730178967018623
172.0	171.0	0.040000971773744266
171.0	171.0	0.04000026468463478
173.0	171.0	0.01730996104314474
170.0	171.0	0.03600106722472926
173.0	172.0	0.03400190917400931
172.0	172.0	0.040000971773744266
174.0	172.0	0.031197909094635292
171.0	172.0	0.04000026468463478
170.0	172.0	0.01531078527454803
172.0	173.0	0.04548863013477214
173.0	173.0	0.04278214527048294
174.0	173.0	0.03827666969749041
171.0	173.0	0.010004621420355754
175.0	173.0	0.018199978480847038
172.0	174.0	0.010005294024322917
173.0	174.0	0.04278214527048294
175.0	174.0	0.0409808534963214
176.0	174.0	0.01000741694071861
174.0	174.0	0.03827666969749041
176.0	175.0	0.040003203534391234
175.0	175.0	0.03000572100294113
177.0	175.0	0.0173132842481193
174.0	175.0	0.031197909094635292
173.0	175.0	0.01730996104314474
178.0	176.0	0.009519691924623565
174.0	176.0	0.031197909094635292
177.0	176.0	0.034005232378983036
176.0	176.0	0.040003203534391234
175.0	176.0	0.03000572100294113
178.0	177.0	0.04000363754029195
179.0	177.0	0.01531511746489979
177.0	177.0	0.034005232378983036
176.0	177.0	0.040003203534391234
175.0	177.0	0.017312106691393454
176.0	178.0	0.01000741694071861
177.0	178.0	0.042785306400837726
180.0	178.0	0.010007995333594102
178.0	178.0	0.04549116589035135
179.0	178.0	0.04368792413948964
177.0	179.0	0.01820109860745373
180.0	179.0	0.04549133144404315
179.0	179.0	0.04368792413948964
181.0	179.0	0.018201959863827128
178.0	179.0	0.04549116589035135
181.0	180.0	0.03400613779291592
179.0	180.0	0.036005399415080366
178.0	180.0	0.009519691924623565
180.0	180.0	0.04000381158210307
182.0	180.0	0.009520025628283416
182.0	181.0	0.04000397124395155
183.0	181.0	0.015315390678348332
181.0	181.0	0.03400613779291592
180.0	181.0	0.04000381158210307
179.0	181.0	0.01531511746489979
180.0	182.0	0.010007995333594102
184.0	182.0	0.017300670873686905
182.0	182.0	0.045491483319091384
183.0	182.0	0.04368818402816106
181.0	182.0	0.04278616765721198
181.0	183.0	0.018201959863827128
185.0	183.0	0.01820227670234053
184.0	183.0	0.04368821144498124
183.0	183.0	0.04368818402816106
182.0	183.0	0.045491483319091384
183.0	184.0	0.036005672628528836
182.0	184.0	0.009520025628283416
184.0	184.0	0.03600570145103938
185.0	184.0	0.03400647087608679
186.0	184.0	0.009520148390999295
186.0	185.0	0.046393266483554026
184.0	185.0	0.04458987783393632
187.0	185.0	0.017300739064566466
185.0	185.0	0.044589817273634785
183.0	185.0	0.01730064345686681
188.0	186.0	0.010008286389405499
186.0	186.0	0.046393266483554026
187.0	186.0	0.04458994602481595
185.0	186.0	0.044589817273634785
184.0	186.0	0.017300670873686905
185.0	187.0	0.01731452274522259
187.0	187.0	0.03600577313814017
188.0	187.0	0.04000411756066534
186.0	187.0	0.040004094006667455
189.0	187.0	0.01731464527967371
186.0	188.0	0.009520148390999295
187.0	188.0	0.03600577313814017
190.0	188.0	0.017314668789875285
188.0	188.0	0.04000411756066534
189.0	188.0	0.03400659341053826
191.0	189.0	0.015315532064081748
190.0	189.0	0.03400661692073983
189.0	189.0	0.03400659341053826
187.0	189.0	0.015315491187959652
188.0	189.0	0.04000411756066534
192.0	190.0	0.010008318223761341
188.0	190.0	0.010008286389405499
190.0	190.0	0.04278662341769568
191.0	190.0	0.04368831851843082
189.0	190.0	0.04278660105410022
192.0	191.0	0.04549165433421051
191.0	191.0	0.04368831851843082
189.0	191.0	0.018202393260715887
190.0	191.0	0.04278662341769568
193.0	191.0	0.018202440663688892
190.0	192.0	0.017314668789875285
194.0	192.0	0.009520211919704426
193.0	192.0	0.03400664324391376
192.0	192.0	0.0400041510272036
191.0	192.0	0.0360058140142623
195.0	193.0	0.015315543200863603
194.0	193.0	0.04000415753537291
193.0	193.0	0.03400664324391376
192.0	193.0	0.0400041510272036
191.0	193.0	0.015315532064081748
193.0	194.0	0.04278664845707311
192.0	194.0	0.010008318223761341
196.0	194.0	0.010008326897096336
194.0	194.0	0.04549166052497263
195.0	194.0	0.043688329112065306
193.0	195.0	0.018202440663688892
196.0	195.0	0.04549166300754596
195.0	195.0	0.043688329112065306
197.0	195.0	0.018202453578724933
194.0	195.0	0.04549166052497263
195.0	196.0	0.036005825151044266
197.0	196.0	0.03400665682111847
196.0	196.0	0.04000416014523056
198.0	196.0	0.009520216923783078
194.0	196.0	0.009520211919704426
196.0	197.0	0.04000416014523056
199.0	197.0	0.015315547297857371
197.0	197.0	0.03400665682111847
198.0	197.0	0.040004162539451625
195.0	197.0	0.015315543200863603
200.0	198.0	0.017300792849082567
196.0	198.0	0.010008326897096336
198.0	198.0	0.045491665284999365
199.0	198.0	0.043688333009246495
197.0	198.0	0.04278666137210952
198.0	199.0	0.045491665284999365
197.0	199.0	0.018202453578724933
199.0	199.0	0.043688333009246495
200.0	199.0	0.043688333420377035
201.0	199.0	0.018202458329901243
199.0	200.0	0.03600582924803845
201.0	200.0	0.034006661815892826
202.0	200.0	0.00952021876468103
200.0	200.0	0.03600582968024819
198.0	200.0	0.009520216923783078
203.0	201.0	0.015315548805056554
202.0	201.0	0.0400041643803499
201.0	201.0	0.034006661815892826
200.0	201.0	0.03600582968024819
199.0	201.0	0.015315547297857371
204.0	202.0	0.009520219117886813
201.0	202.0	0.034006661815892826
200.0	202.0	0.015315547730067075
202.0	202.0	0.0400041643803499
203.0	202.0	0.03600583075523769
205.0	203.0	0.01820246007776126
204.0	203.0	0.045491667372095625
203.0	203.0	0.04368833444293857
201.0	203.0	0.018202458329901243
202.0	203.0	0.0454916670361159
206.0	204.0	0.017314715875051432
205.0	204.0	0.03400666365336745
204.0	204.0	0.04000416473355571
203.0	204.0	0.03600583075523769
202.0	204.0	0.00952021876468103
204.0	205.0	0.04000416473355571
203.0	205.0	0.015315548805056554
205.0	205.0	0.03400666365336745
206.0	205.0	0.03400666400591641
207.0	205.0	0.015315549418017584
207.0	206.0	0.04368833502600513
205.0	206.0	0.04278666787114573
208.0	206.0	0.010008331739020637
206.0	206.0	0.042786668206500726
204.0	206.0	0.01000833126164611
208.0	207.0	0.04549166784947016
207.0	207.0	0.04368833502600513
209.0	207.0	0.01820246078859618
206.0	207.0	0.042786668206500726
205.0	207.0	0.01820246007776126
206.0	208.0	0.017314715875051432
207.0	208.0	0.036005831368198814
208.0	208.0	0.0400041652354057
209.0	208.0	0.034006664400647486
210.0	208.0	0.00952021971733039
207.0	209.0	0.017300794454710743
208.0	209.0	0.0463933342384253
211.0	209.0	0.01730079461356886
209.0	209.0	0.04459000135989074
210.0	209.0	0.046393334331258855
211.0	210.0	0.044590001573818434
210.0	210.0	0.046393334331258855
212.0	210.0	0.010008331869082078
209.0	210.0	0.04459000135989074
208.0	210.0	0.010758783391782847
209.0	211.0	0.01820246078859618
211.0	211.0	0.044590001573818434
212.0	211.0	0.04639333436848646
210.0	211.0	0.046393334331258855
213.0	211.0	0.01820246098226465
210.0	212.0	0.00952021971733039
211.0	212.0	0.03600583153520177
214.0	212.0	0.009520219792369588
212.0	212.0	0.040004165372135185
213.0	212.0	0.034006664604245285
215.0	213.0	0.01531554964645669
214.0	213.0	0.04000416540803837
213.0	213.0	0.034006664604245285
212.0	213.0	0.040004165372135185
211.0	213.0	0.015315549585020502
212.0	214.0	0.010008331869082078
216.0	214.0	0.010008331916929318
214.0	214.0	0.045491668013683574
215.0	214.0	0.04368833524330338
213.0	214.0	0.04278666877564911
213.0	215.0	0.01820246098226465
216.0	215.0	0.045491668027378904
215.0	215.0	0.04368833524330338
217.0	215.0	0.01820246105351125
214.0	215.0	0.045491668013683574
215.0	216.0	0.03600583159663801
214.0	216.0	0.009520219792369588
216.0	216.0	0.0400041654224358
218.0	216.0	0.015315549666145775
217.0	216.0	0.034006664679144684
219.0	217.0	0.017314716567947305
217.0	217.0	0.034006664679144684
218.0	217.0	0.03600583161632716
216.0	217.0	0.0400041654224358
215.0	217.0	0.01531554964645669
216.0	218.0	0.010008331916929318
218.0	218.0	0.043688335262032404
219.0	218.0	0.04098333608769428
217.0	218.0	0.04278666884689582
220.0	218.0	0.01820246107972172
217.0	219.0	0.017314716548280026
218.0	219.0	0.036005831616327186
221.0	219.0	0.009520219830130556
219.0	219.0	0.030008330879495882
220.0	219.0	0.030008330887382632
222.0	220.0	0.017314716583070013
221.0	220.0	0.040004165445799135
220.0	220.0	0.030008330887382684
218.0	220.0	0.015315549666145775
219.0	220.0	0.030008330879495924
223.0	221.0	0.01731471658597249
219.0	221.0	0.017314716567947305
221.0	221.0	0.04000416544579921
222.0	221.0	0.030008330894618743
220.0	221.0	0.030008330887382792
223.0	222.0	0.03000833089752224
222.0	222.0	0.03000833089461902
220.0	222.0	0.017314716575834235
221.0	222.0	0.04000416544579932
224.0	222.0	0.009520219833868058
225.0	223.0	0.044002499267378675
221.0	223.0	0.009520219830130556
224.0	223.0	0.04000416544953761
223.0	223.0	0.030008330897522716
222.0	223.0	0.030008330894619326
225.0	224.0	0.044002499267378675
224.0	224.0	0.040004165449538005
226.0	224.0	0.01969797696954026
223.0	224.0	0.030008330897523312
222.0	224.0	0.017314716583070013
223.0	225.0	0.01731471658597249
224.0	225.0	0.04000416544953878
225.0	225.0	0.044002499267378675
226.0	225.0	0.02064862206839668
227.0	225.0	0.015315549681556318
224.0	226.0	0.009520219833868058
228.0	226.0	0.019697976970342115
227.0	226.0	0.03235360543761778
226.0	226.0	0.020875580633141932
225.0	226.0	0.044002499267378675
226.0	227.0	0.02600999708372873
227.0	227.0	0.03600583163333314
228.0	227.0	0.02600999708878182
225.0	227.0	0.044002499267378675
229.0	227.0	0.024922784394855714
229.0	228.0	0.024922784394855714
227.0	228.0	0.036005831633700205
230.0	228.0	0.031199661822023352
228.0	228.0	0.026009997089777755
226.0	228.0	0.01969797696954026
231.0	229.0	0.03270278806535898
229.0	229.0	0.024922784394855714
230.0	229.0	0.031199661822023352
228.0	229.0	0.026009997090627356
227.0	229.0	0.015315549681556318
232.0	230.0	0.04775528849210022
228.0	230.0	0.019697976970342115
229.0	230.0	0.024922784394855714
230.0	230.0	0.031199661822023352
231.0	230.0	0.03270278806535898
233.0	231.0	0.02720132800291839
232.0	231.0	0.04775528849210022
231.0	231.0	0.03270278806535898
229.0	231.0	0.024922784394855714
230.0	231.0	0.031199661822023352
231.0	232.0	0.03270278806535898
230.0	232.0	0.031199661822023352
232.0	232.0	0.04775528849210022
233.0	232.0	0.02720132800291839
234.0	232.0	0.02920049491259451
235.0	233.0	0.028922032660322804
232.0	233.0	0.04775528849210022
231.0	233.0	0.03270278806535898
233.0	233.0	0.02720132800291839
234.0	233.0	0.02920049491259451
232.0	234.0	0.04775528849210022
233.0	234.0	0.02720132800291839
236.0	234.0	0.05
235.0	234.0	0.028922032660322804
234.0	234.0	0.02920049491259451
235.0	235.0	0.028922032660322804
236.0	235.0	0.05
237.0	235.0	0.005
233.0	235.0	0.02720132800291839
234.0	235.0	0.02920049491259451
235.0	236.0	0.028922032660322804
234.0	236.0	0.02920049491259451
238.0	236.0	0.005
236.0	236.0	0.05
237.0	236.0	0.05
238.0	237.0	0.05
237.0	237.0	0.05
235.0	237.0	0.05
236.0	237.0	0.02686834875702847
239.0	237.0	0.005
237.0	238.0	0.05
236.0	238.0	0.0
240.0	238.0	0.005
238.0	238.0	0.05
239.0	238.0	0.05
241.0	239.0	0.005
239.0	239.0	0.075
240.0	239.0	0.05
238.0	239.0	0.05
237.0	239.0	0.005
238.0	240.0	0.005
242.0	240.0	0.005
239.0	240.0	0.05
240.0	240.0	0.075
241.0	240.0	0.05
239.0	241.0	0.005
243.0	241.0	0.005
241.0	241.0	0.075
242.0	241.0	0.05
240.0	241.0	0.05
241.0	242.0	0.05
240.0	242.0	0.005
242.0	242.0	0.075
243.0	242.0	0.05
244.0	242.0	0.005
242.0	243.0	0.05
245.0	243.0	0.005
243.0	243.0	0.075
244.0	243.0	0.05
241.0	243.0	0.005
246.0	244.0	0.005
244.0	244.0	0.075
245.0	244.0	0.05
242.0	244.0	0.005
243.0	244.0	0.05
244.0	245.0	0.05
243.0	245.0	0.005
247.0	245.0	0.005
245.0	245.0	0.075
246.0	245.0	0.05
244.0	246.0	0.005
247.0	246.0	0.05
246.0	246.0	0.075
248.0	246.0	0.005
245.0	246.0	0.05
248.0	247.0	0.05
246.0	247.0	0.05
245.0	247.0	0.005
247.0	247.0	0.075
249.0	247.0	0.005
248.0	248.0	0.075
249.0	248.0	0.05
247.0	248.0	0.05
246.0	248.0	0.005
247.0	249.0	0.005
248.0	249.0	0.05
249.0	249.0	0.075
248.0	250.0	0.005
249.0	250.0	0.05
