# columns = ['i', 'j', 'weight']
2.0	0.0	0.012055912160573397
0.0	0.0	0.04563848788361027
1.0	0.0	0.03649541609643989
3.0	1.0	0.010860495091243184
2.0	1.0	0.029763764622062972
1.0	1.0	0.035283373952902264
0.0	1.0	0.046099582248955426
1.0	2.0	0.03649541609643989
2.0	2.0	0.040983335035266084
3.0	2.0	0.03762597437109197
0.0	2.0	0.04563848788361027
4.0	2.0	0.011409245246395914
2.0	3.0	0.029685009289799707
4.0	3.0	0.035670082151286565
5.0	3.0	0.02181596987173679
3.0	3.0	0.037546496921175905
1.0	3.0	0.009873327931113748
5.0	4.0	0.0348027986485044
4.0	4.0	0.03565294366978696
6.0	4.0	0.019373438300981746
3.0	4.0	0.037508567656264986
2.0	4.0	0.010044051964318144
3.0	5.0	0.010860495091243184
4.0	5.0	0.035638911867922174
7.0	5.0	0.007070218586059505
5.0	5.0	0.03478945118569184
6.0	5.0	0.029461987909945368
4.0	6.0	0.011409245246395914
7.0	6.0	0.042571351053977254
6.0	6.0	0.03053273905292454
8.0	6.0	0.009557497409186945
5.0	6.0	0.026559754891845512
8.0	7.0	0.03769582151096289
7.0	7.0	0.03872369620843818
9.0	7.0	0.007558330446955122
6.0	7.0	0.029403531062301883
5.0	7.0	0.02181596987173679
7.0	8.0	0.03872136373409209
8.0	8.0	0.037693602792733004
9.0	8.0	0.04089924177911974
6.0	8.0	0.019373438300981746
10.0	8.0	0.009557497277321416
7.0	9.0	0.008107080896396906
8.0	9.0	0.042079670106651416
10.0	9.0	0.03603308500020452
11.0	9.0	0.007558330142537424
9.0	9.0	0.040346199333207405
11.0	10.0	0.04088190813469707
10.0	10.0	0.03603167028300063
12.0	10.0	0.00900874660729256
9.0	10.0	0.04034463582889636
8.0	10.0	0.009557497409186945
13.0	11.0	0.009535347366816391
9.0	11.0	0.007558330446955122
11.0	11.0	0.04033028086703844
10.0	11.0	0.043712935479769024
12.0	11.0	0.03767035013936739
13.0	12.0	0.03787153664565616
12.0	12.0	0.037669401826066144
14.0	12.0	0.008563208192147289
11.0	12.0	0.04032923281875669
10.0	12.0	0.009557497277321416
15.0	13.0	0.0050085777134723395
11.0	13.0	0.007558330142537424
13.0	13.0	0.03896710839330067
14.0	13.0	0.03767037074384863
12.0	13.0	0.042058573609813986
16.0	14.0	0.005263811567669492
15.0	14.0	0.04230684082940489
14.0	14.0	0.037669159889340664
12.0	14.0	0.00900874660729256
13.0	14.0	0.0389664058655282
17.0	15.0	0.011860076170758238
16.0	15.0	0.0423052899272353
15.0	15.0	0.042306345766450926
14.0	15.0	0.03766806426287407
13.0	15.0	0.01002423508063934
15.0	16.0	0.042305492491700784
14.0	16.0	0.008074837728181971
16.0	16.0	0.04230447826718577
17.0	16.0	0.039957061786818106
18.0	16.0	0.005260961738486064
18.0	17.0	0.04339954360481025
16.0	17.0	0.04175540880494188
19.0	17.0	0.005260014691637934
17.0	17.0	0.03831079757206436
15.0	17.0	0.005265373236838385
19.0	18.0	0.0417528202455731
18.0	18.0	0.04065555011575362
20.0	18.0	0.005002704689310453
17.0	18.0	0.03995646049426442
16.0	18.0	0.005263811567669492
17.0	19.0	0.011710915775744547
18.0	19.0	0.04339929776382285
19.0	19.0	0.042301351674939966
20.0	19.0	0.040654517749297486
21.0	19.0	0.005258285822208243
18.0	20.0	0.005004381606820362
19.0	20.0	0.042301140077641186
22.0	20.0	0.005001289402339984
20.0	20.0	0.040654326288144
21.0	20.0	0.041751419652737855
22.0	21.0	0.04339737593625891
21.0	21.0	0.04230016336170581
23.0	21.0	0.0050009676690788455
20.0	21.0	0.04339807458251745
19.0	21.0	0.005003480423833828
20.0	22.0	0.0052591992201366225
22.0	22.0	0.04065361910332838
23.0	22.0	0.045043294847227015
21.0	22.0	0.041751262897603475
24.0	22.0	0.0052567905963828605
21.0	23.0	0.0050018358007217385
22.0	23.0	0.04339723409834786
25.0	23.0	0.0052564238265922145
23.0	23.0	0.039006921571055064
24.0	23.0	0.03900660123845525
26.0	24.0	0.0052561080207762885
25.0	24.0	0.04339640438250968
24.0	24.0	0.03900649616234635
23.0	24.0	0.039006805443995325
22.0	24.0	0.005257710993291765
23.0	25.0	0.005257373224185101
27.0	25.0	0.004999505917285711
25.0	25.0	0.04065256430353598
26.0	25.0	0.04010361150835163
24.0	25.0	0.04504274772415934
24.0	26.0	0.0050004134104270365
27.0	26.0	0.04339593002826829
26.0	26.0	0.04394485989049026
28.0	26.0	0.004999283116145169
25.0	26.0	0.043396313942664626
26.0	27.0	0.040103533666055596
25.0	27.0	0.005000065011501128
27.0	27.0	0.040652113083823514
29.0	27.0	0.013161328007361112
28.0	27.0	0.04394452297030415
29.0	28.0	0.03739807807608479
28.0	28.0	0.04394446234666305
30.0	28.0	0.005255033279742389
27.0	28.0	0.04065204935194186
26.0	28.0	0.004999764607716599
27.0	29.0	0.005255836067003389
31.0	29.0	0.005254949149590176
29.0	29.0	0.03794677910201857
30.0	29.0	0.04010291635505276
28.0	29.0	0.04010315485844258
28.0	30.0	0.005255602528271882
32.0	30.0	0.004998556439386965
31.0	30.0	0.03900531833240855
30.0	30.0	0.04394416685556307
29.0	30.0	0.03739802844164546
30.0	31.0	0.04394412621832118
29.0	31.0	0.013161328007361112
31.0	31.0	0.03900527967706832
32.0	31.0	0.04065143324109722
33.0	31.0	0.0049984379289532595
33.0	32.0	0.0417488339005364
31.0	32.0	0.03900524470027008
34.0	32.0	0.005254660211945296
32.0	32.0	0.04065140159278141
30.0	32.0	0.005255033279742389
34.0	33.0	0.04174878421407601
33.0	33.0	0.0422975825873384
35.0	33.0	0.004998318236100072
32.0	33.0	0.04339515195349128
31.0	33.0	0.005254949149590176
32.0	34.0	0.004998556439386965
33.0	34.0	0.04174880798908696
36.0	34.0	0.005254526949535619
34.0	34.0	0.04229753407589695
35.0	34.0	0.04504123033927998
33.0	35.0	0.005254713321738192
36.0	35.0	0.04065115359671073
35.0	35.0	0.03900495699948913
37.0	35.0	0.0052544734595955525
34.0	35.0	0.04174876076842701
37.0	36.0	0.045041122130796564
35.0	36.0	0.03900493780381526
34.0	36.0	0.004998386334206287
36.0	36.0	0.04065113622774675
38.0	36.0	0.0052544270829286
38.0	37.0	0.04174857171668745
39.0	37.0	0.004998127325420326
37.0	37.0	0.03900485525660359
36.0	37.0	0.04339488794632404
35.0	37.0	0.005254588741229663
36.0	38.0	0.0049982593330727245
40.0	38.0	0.004998103960094811
38.0	38.0	0.04229732067403129
39.0	38.0	0.04504104070434138
37.0	38.0	0.045041107181190726
37.0	39.0	0.004998209765025349
41.0	39.0	0.006511004634402827
40.0	39.0	0.04439414981666615
39.0	39.0	0.04000414859789037
38.0	39.0	0.042747901503389356
39.0	40.0	0.045491650337292314
38.0	40.0	0.0052544270829286
40.0	40.0	0.041101647346142904
41.0	40.0	0.04000414486665092
42.0	40.0	0.004998039205319749
42.0	41.0	0.04274789400356629
40.0	41.0	0.041101647346142904
43.0	41.0	0.0052542796810361656
41.0	41.0	0.04000414486665092
39.0	41.0	0.005477220585209316
43.0	42.0	0.04274789283721953
42.0	42.0	0.04274789400356629
44.0	42.0	0.008107055669575529
41.0	42.0	0.04000414486665092
40.0	42.0	0.004998103960094811
41.0	43.0	0.0054350529268918065
43.0	43.0	0.042747894003628814
44.0	43.0	0.039651224180765235
42.0	43.0	0.04274789511309174
45.0	43.0	0.004997977241178247
42.0	44.0	0.005254296431044977
43.0	44.0	0.04274789400362883
46.0	44.0	0.0052542202350371135
44.0	44.0	0.039651224180765235
45.0	44.0	0.04274788896699138
47.0	45.0	0.006898830008934122
46.0	45.0	0.04274788754239741
45.0	45.0	0.04274788896699138
43.0	45.0	0.004998025437157852
44.0	45.0	0.039651224180765235
48.0	46.0	0.004997938589479784
44.0	46.0	0.008107055669575529
46.0	46.0	0.04274788604471403
47.0	46.0	0.040004131513363475
45.0	46.0	0.04274788754234835
48.0	47.0	0.04165037872516301
47.0	47.0	0.040004131513363475
45.0	47.0	0.005254229013995856
46.0	47.0	0.042747886044714044
49.0	47.0	0.006510963005266356
50.0	48.0	0.0052541682062533564
46.0	48.0	0.004997965968050124
49.0	48.0	0.04504084531347403
48.0	48.0	0.040650847711225596
47.0	48.0	0.03900460893696053
50.0	49.0	0.04174833377751362
49.0	49.0	0.03900459193982123
51.0	49.0	0.0049979089696129695
48.0	49.0	0.04339460079990584
47.0	49.0	0.0052542055357303035
48.0	50.0	0.004997938589479784
49.0	50.0	0.04504084284232081
50.0	50.0	0.042297081826425546
51.0	50.0	0.04504082365471103
52.0	50.0	0.004997900582313312
49.0	51.0	0.004997930395975665
53.0	51.0	0.005254141957503797
52.0	51.0	0.04394331883551215
51.0	51.0	0.039004571337368475
50.0	51.0	0.04174833165057233
51.0	52.0	0.03900456959597623
52.0	52.0	0.043943317179048605
53.0	52.0	0.04504080901180425
50.0	52.0	0.004997919399064354
54.0	52.0	0.005254132290971429
54.0	53.0	0.04174829447174352
52.0	53.0	0.04010206137548504
55.0	53.0	0.0052541237119506645
53.0	53.0	0.039004552083837914
51.0	53.0	0.0052541572420725605
56.0	54.0	0.004997867556894207
55.0	54.0	0.041748292281865836
54.0	54.0	0.04229704770075069
53.0	54.0	0.045040807655606606
52.0	54.0	0.005254153489828117
57.0	55.0	0.009069307238420457
53.0	55.0	0.004997889105714461
54.0	55.0	0.0417482933044534
55.0	55.0	0.042297039328881694
56.0	55.0	0.04394328041524122
58.0	56.0	0.004997846925378278
57.0	56.0	0.0403957693366294
56.0	56.0	0.043943279506154745
54.0	56.0	0.004997879350618373
55.0	56.0	0.042297038324185764
56.0	57.0	0.040102030357974314
59.0	57.0	0.0052540900948269634
55.0	57.0	0.004997877074774397
57.0	57.0	0.0392982719557065
58.0	57.0	0.043394518271617
59.0	58.0	0.040102001692194716
58.0	58.0	0.04065076223576171
60.0	58.0	0.004997825042282475
57.0	58.0	0.040395768592332355
56.0	58.0	0.005254113706078306
61.0	59.0	0.004997823687922689
58.0	59.0	0.04339451759814919
57.0	59.0	0.009008672959340488
59.0	59.0	0.04394325799040805
60.0	59.0	0.04229699641195654
61.0	60.0	0.04010198902811661
60.0	60.0	0.042296995913039315
62.0	60.0	0.004997811799495073
59.0	60.0	0.04394325743901924
58.0	60.0	0.005254100367634326
63.0	61.0	0.005254041577141691
59.0	61.0	0.00499783631814964
61.0	61.0	0.04394323560583107
62.0	61.0	0.04339447308565547
60.0	61.0	0.041748240224908556
64.0	62.0	0.010008061686998738
63.0	62.0	0.040101964260843774
62.0	62.0	0.04065072719714106
60.0	62.0	0.0052540792114674165
61.0	62.0	0.04010198859869457
65.0	63.0	0.00499775333448997
64.0	63.0	0.03320263648505031
63.0	63.0	0.04394320968571741
62.0	63.0	0.043394472716048495
61.0	63.0	0.005254067587896518
63.0	64.0	0.04010196365486989
62.0	64.0	0.004997811799495073
64.0	64.0	0.03923890293515487
65.0	64.0	0.045040679057969484
66.0	64.0	0.014413825034196673
66.0	65.0	0.03814148541041824
64.0	65.0	0.03320263544061304
67.0	65.0	0.005253974075810221
65.0	65.0	0.03900441779628526
63.0	65.0	0.005254041577141691
68.0	66.0	0.005253953062087475
67.0	66.0	0.038749387635001784
66.0	66.0	0.037690648774032345
65.0	66.0	0.038004830446483936
64.0	66.0	0.009519935187999632
65.0	67.0	0.005254010443927812
67.0	67.0	0.04094439820126035
68.0	67.0	0.03874937762181838
66.0	67.0	0.033300655751539676
69.0	67.0	0.004997692649761333
66.0	68.0	0.015301566550295917
67.0	68.0	0.03874938763500203
70.0	68.0	0.004997668568896383
68.0	68.0	0.04094436813663639
69.0	68.0	0.04368809673844167
71.0	69.0	0.0052539042135581835
70.0	69.0	0.04094434543669436
69.0	69.0	0.036005604727197715
68.0	69.0	0.038749377621818626
67.0	69.0	0.004997734736474655
68.0	70.0	0.004997714747603248
72.0	70.0	0.005253876227653019
70.0	70.0	0.040944345436694465
71.0	70.0	0.04039557008900618
69.0	70.0	0.03600560472719782
69.0	71.0	0.005253929831264962
72.0	71.0	0.03874927664422064
71.0	71.0	0.03929805605189893
73.0	71.0	0.0052538453620311855
70.0	71.0	0.03874933216513903
71.0	72.0	0.04039557008900631
70.0	72.0	0.005253929603099119
72.0	72.0	0.040944292623562986
74.0	72.0	0.004997579904064669
73.0	72.0	0.04039552742528902
74.0	73.0	0.04094422811745678
73.0	73.0	0.03929801120076613
75.0	73.0	0.008557522407800276
72.0	73.0	0.03874927664422078
71.0	73.0	0.0049976419078389175
72.0	74.0	0.0049976125130875544
73.0	74.0	0.0392980112007663
76.0	74.0	0.009519350255327812
74.0	74.0	0.04094422811745695
75.0	74.0	0.040689191628817886
73.0	75.0	0.004997612300140685
76.0	75.0	0.03904250620179917
75.0	75.0	0.03465295794563806
77.0	75.0	0.009008291559076037
74.0	75.0	0.03874924443145553
77.0	76.0	0.037396602992504774
76.0	76.0	0.036298712451163895
78.0	76.0	0.005253635685819173
75.0	76.0	0.040689191628818094
74.0	76.0	0.005253811304972816
76.0	77.0	0.03904250620179941
77.0	77.0	0.03794537668020355
78.0	77.0	0.03600532664576979
75.0	77.0	0.008069429460423412
79.0	77.0	0.005253635629557387
76.0	78.0	0.010007504853861716
77.0	78.0	0.03794537668020383
79.0	78.0	0.04204155361842587
80.0	78.0	0.005253579722132973
78.0	78.0	0.03600532664577008
80.0	79.0	0.03874896614211224
79.0	79.0	0.03765152431692369
81.0	79.0	0.006618856975850113
78.0	79.0	0.04368780439947436
77.0	79.0	0.009068906283346142
82.0	80.0	0.005253449703422449
78.0	80.0	0.005545824642933742
81.0	80.0	0.0377493181637831
80.0	80.0	0.039748549987439416
79.0	80.0	0.038651108214125526
82.0	81.0	0.0387488663240576
83.0	81.0	0.005253374289369307
81.0	81.0	0.037298484624236836
80.0	81.0	0.03874896614211264
79.0	81.0	0.004997359686533509
80.0	82.0	0.004997300920129538
81.0	82.0	0.037749318146278917
84.0	82.0	0.012858787377733008
82.0	82.0	0.03974845006817079
83.0	82.0	0.043040876249634985
81.0	83.0	0.006618856975850113
84.0	83.0	0.039336210059866414
83.0	83.0	0.042590042779984474
85.0	83.0	0.01360910764720238
82.0	83.0	0.03874886632405861
85.0	84.0	0.036922925711682396
83.0	84.0	0.03710257880162512
82.0	84.0	0.004997235938029995
84.0	84.0	0.031653749102343205
86.0	84.0	0.004996793551636142
86.0	85.0	0.039297151704246906
87.0	85.0	0.005252860355630326
85.0	85.0	0.021009018878075925
84.0	85.0	0.03933621005986709
83.0	85.0	0.005253374289369307
84.0	86.0	0.012858787377733008
88.0	86.0	0.004996544691847383
86.0	86.0	0.03929715170424803
87.0	86.0	0.04039452796654116
85.0	86.0	0.02100901887807964
85.0	87.0	0.01360910764720238
89.0	87.0	0.00525272299966658
88.0	87.0	0.03810154298907034
87.0	87.0	0.04139411150847924
86.0	87.0	0.039747984997366745
87.0	88.0	0.04039452796654247
86.0	88.0	0.005252984635393154
88.0	88.0	0.03765070971762317
89.0	88.0	0.042040641420822936
90.0	88.0	0.004996400299053586
90.0	89.0	0.03929689011907211
88.0	89.0	0.04204077874760241
91.0	89.0	0.005252571207373568
89.0	89.0	0.0376507097176318
87.0	89.0	0.004996675333068883
91.0	90.0	0.040394238870211104
90.0	90.0	0.03929689011907397
92.0	90.0	0.008007488440363596
89.0	90.0	0.037650709717633575
88.0	90.0	0.0052528603430783355
89.0	91.0	0.00525272299966658
91.0	91.0	0.039296656580056634
92.0	91.0	0.03739532077441378
90.0	91.0	0.0403943166517155
93.0	91.0	0.010709650260971489
90.0	92.0	0.005252722989891312
91.0	92.0	0.04039423887021326
94.0	92.0	0.004996064382220081
92.0	92.0	0.03794415699663078
93.0	92.0	0.038590738361065406
95.0	93.0	0.005252013205318508
94.0	93.0	0.04204013654821033
93.0	93.0	0.03529814642973067
91.0	93.0	0.004996240735775299
92.0	93.0	0.03739532077441616
96.0	94.0	0.004995654121065034
92.0	94.0	0.008007488440363596
94.0	94.0	0.03765022946795139
95.0	94.0	0.039296285373031155
93.0	94.0	0.03859073836107124
96.0	95.0	0.03929607000177744
95.0	95.0	0.03929628537303904
93.0	95.0	0.011407660047051746
94.0	95.0	0.03765022946795889
97.0	95.0	0.005251786779151304
94.0	96.0	0.004996064382220081
98.0	96.0	0.016312631922169373
97.0	96.0	0.04303928874185825
96.0	96.0	0.04029565347965806
95.0	96.0	0.039747118593653895
99.0	97.0	0.00525125999604327
98.0	97.0	0.036884455770434484
97.0	97.0	0.037649581198681566
96.0	97.0	0.040393454486113194
95.0	97.0	0.005252013205318508
97.0	98.0	0.03764958119868774
96.0	98.0	0.005251786784967432
100.0	98.0	0.004994862301255799
98.0	98.0	0.036884455770440985
99.0	98.0	0.04094167797861673
97.0	99.0	0.004995416093466404
100.0	99.0	0.04039277872462412
99.0	99.0	0.04094167797862427
101.0	99.0	0.007555120217378852
98.0	99.0	0.03688445577044816
99.0	100.0	0.03874681866436902
101.0	100.0	0.03429736093002601
100.0	100.0	0.03929542719758622
102.0	100.0	0.009103453936337071
98.0	100.0	0.016312631922169373
100.0	101.0	0.039295427197595434
103.0	101.0	0.005250616592115696
101.0	101.0	0.034297360930046386
102.0	101.0	0.04233262407066655
99.0	101.0	0.004995153023939886
104.0	102.0	0.005250243298013997
100.0	102.0	0.004994862301255799
102.0	102.0	0.033003704981245906
103.0	102.0	0.042038353122434396
101.0	102.0	0.038138456119828426
102.0	103.0	0.04233262407069273
101.0	103.0	0.007615915001710565
103.0	103.0	0.03764853302088512
104.0	103.0	0.04094085260177014
105.0	103.0	0.005250243296931493
103.0	104.0	0.03764853302090108
105.0	104.0	0.04094066129020309
106.0	104.0	0.004993793476423732
104.0	104.0	0.04094085260178691
102.0	104.0	0.009103453936337071
106.0	105.0	0.03709920834738567
105.0	105.0	0.04094066129022358
107.0	105.0	0.00499335977077055
104.0	105.0	0.040940852601805466
103.0	105.0	0.005250616592115696
105.0	106.0	0.03874545912841895
104.0	106.0	0.005250243298013997
108.0	106.0	0.004992880452502743
106.0	106.0	0.04258649951886142
107.0	106.0	0.03929354201580576
108.0	107.0	0.040939547147947966
107.0	107.0	0.03929354201583207
105.0	107.0	0.004993793477787429
106.0	107.0	0.04258649951888645
109.0	107.0	0.005248870906720598
107.0	108.0	0.03929354201586117
106.0	108.0	0.0052498307430353846
110.0	108.0	0.005248314018014618
108.0	108.0	0.04093954714797855
109.0	108.0	0.04039053864400653
111.0	109.0	0.004991765282467314
110.0	109.0	0.040939017420313015
109.0	109.0	0.03929329636700854
108.0	109.0	0.038744791755583693
107.0	109.0	0.00499335977077055
108.0	110.0	0.005249374800092174
112.0	110.0	0.007649899945919715
110.0	110.0	0.04093901742035428
111.0	110.0	0.03764593041850142
109.0	110.0	0.03929329636704779
109.0	111.0	0.004992880451878378
113.0	111.0	0.007514253920191389
112.0	111.0	0.04113395069353053
111.0	111.0	0.03764593041854937
110.0	111.0	0.0409390174203999
111.0	112.0	0.042035617081838464
110.0	112.0	0.005248314018014618
112.0	112.0	0.03564611649850622
113.0	112.0	0.040682437314643605
114.0	112.0	0.00851312231718155
112.0	113.0	0.04113395069364781
115.0	113.0	0.005246266655874799
114.0	113.0	0.03958493679418101
113.0	113.0	0.0346465330434486
111.0	113.0	0.004991765282467314
115.0	114.0	0.04038793439791453
116.0	114.0	0.004989612950530614
114.0	114.0	0.039584936794260055
113.0	114.0	0.0346465330435238
112.0	114.0	0.007649899945919715
113.0	115.0	0.009099517957127457
114.0	115.0	0.03574331850662022
115.0	115.0	0.0392900288704644
116.0	115.0	0.04093585387986486
117.0	115.0	0.007609792294028842
114.0	116.0	0.009550351151564013
115.0	116.0	0.04083876759184105
118.0	116.0	0.004988739576479517
116.0	116.0	0.03974086206424768
117.0	116.0	0.039936270424383705
118.0	117.0	0.04203243624908797
117.0	117.0	0.03629040513451642
119.0	117.0	0.005243503008532687
116.0	117.0	0.04093585388007857
115.0	117.0	0.004989612950760324
116.0	118.0	0.004989612950530614
118.0	118.0	0.03764290471698651
119.0	118.0	0.04093444105241452
117.0	118.0	0.039034604038152954
120.0	118.0	0.005243503008386208
117.0	119.0	0.007549601744150354
118.0	119.0	0.03764290471714572
121.0	119.0	0.004986707608023834
119.0	119.0	0.040934441052581885
120.0	119.0	0.03928767023283772
122.0	120.0	0.00998352377116225
121.0	120.0	0.03873837327127387
120.0	120.0	0.03928767023303217
119.0	120.0	0.040934441052766855
118.0	120.0	0.004988739576479517
119.0	121.0	0.005243503008532687
123.0	121.0	0.005239772475524153
121.0	121.0	0.04093279958097447
122.0	121.0	0.03262808503024055
120.0	121.0	0.04038462405201013
120.0	122.0	0.004986707608149688
123.0	122.0	0.04367394178572408
122.0	122.0	0.03262808503050304
124.0	122.0	0.004982785806747883
121.0	122.0	0.04093279958122415
122.0	123.0	0.039763110358104585
121.0	123.0	0.004986707608023834
125.0	123.0	0.004982785806675354
123.0	123.0	0.03599214012028102
124.0	123.0	0.04202769100565403
124.0	124.0	0.03763695095243677
126.0	124.0	0.004981194416180658
125.0	124.0	0.04092867670873503
123.0	124.0	0.04367394178636608
122.0	124.0	0.009494139720069178
123.0	125.0	0.005239772475524153
124.0	125.0	0.038636534400412356
127.0	125.0	0.004979435657710466
125.0	125.0	0.041928260155518066
126.0	125.0	0.04137869431170113
124.0	126.0	0.004982785806747883
128.0	126.0	0.0052347367831638856
127.0	126.0	0.03708485054708054
126.0	126.0	0.04092786112739568
125.0	126.0	0.04092867670964608
126.0	127.0	0.038733675669446826
125.0	127.0	0.004982785806675354
127.0	127.0	0.042573254510251395
128.0	127.0	0.03763360080888608
129.0	127.0	0.005234736783117687
129.0	128.0	0.040925154800975166
127.0	128.0	0.04257325451086552
130.0	128.0	0.008500211043271897
128.0	128.0	0.037633600809531695
126.0	128.0	0.005238258697889277
130.0	129.0	0.035730407241669454
129.0	129.0	0.040925154801763716
131.0	129.0	0.008047229688866247
128.0	129.0	0.0376336008102452
127.0	129.0	0.005236585715073543
128.0	130.0	0.0052347367831638856
129.0	130.0	0.03872915760531519
132.0	130.0	0.004972969700998902
130.0	130.0	0.039570611834283745
131.0	130.0	0.039568353546152624
129.0	131.0	0.004977491928995881
132.0	131.0	0.03762713486260282
131.0	131.0	0.03956835354716514
133.0	131.0	0.008080855452041914
130.0	131.0	0.039570611835246884
133.0	132.0	0.03956585777199575
131.0	132.0	0.03956835354828414
130.0	132.0	0.009536026182888067
132.0	132.0	0.03762713486377921
134.0	132.0	0.004970345941740445
134.0	133.0	0.03762451111450508
135.0	133.0	0.004967446239347974
133.0	133.0	0.039565857774872995
132.0	133.0	0.0376271348650793
131.0	133.0	0.008534184429616114
132.0	134.0	0.005230435106767425
136.0	134.0	0.0049674462393308385
134.0	134.0	0.043466274517238376
135.0	134.0	0.04071976493595638
133.0	134.0	0.03872463539051521
133.0	135.0	0.008080855452041914
137.0	135.0	0.005218763680687208
136.0	135.0	0.038717549660135034
135.0	135.0	0.04091411298275119
134.0	135.0	0.03762451111819955
135.0	136.0	0.038720598031343645
134.0	136.0	0.005227939309752055
136.0	136.0	0.040914112987185294
137.0	136.0	0.040362158066311604
138.0	136.0	0.0052187636806667135
138.0	137.0	0.04035861636740082
136.0	137.0	0.03871754966250396
139.0	137.0	0.004956785679310079
137.0	137.0	0.03926293095550378
135.0	137.0	0.004967446239347974
140.0	138.0	0.004956785679300141
139.0	138.0	0.04090545845834089
138.0	138.0	0.03926293096106231
137.0	138.0	0.040362158069063916
136.0	138.0	0.0049674462393308385
138.0	139.0	0.03926293096426004
137.0	139.0	0.004964241572585299
139.0	139.0	0.04090545846170257
140.0	139.0	0.037062200631249625
141.0	139.0	0.005210925515569622
138.0	140.0	0.004960699868101242
139.0	140.0	0.03870845140888317
142.0	140.0	0.0060229131910149265
140.0	140.0	0.04254759437654445
141.0	140.0	0.04035037635972839
143.0	141.0	0.007958926791618942
142.0	141.0	0.04109496081462353
141.0	141.0	0.03925509282472914
139.0	141.0	0.005215040389113838
140.0	141.0	0.03706220063515535
144.0	142.0	0.004942395428504654
140.0	142.0	0.005210925515578867
142.0	142.0	0.03560512755565228
143.0	142.0	0.038990520230423036
141.0	142.0	0.04035037636426617
144.0	143.0	0.041989270612812754
143.0	143.0	0.03624934470412737
141.0	143.0	0.005210925515569622
142.0	143.0	0.04109496082518103
145.0	143.0	0.007014697955082718
146.0	144.0	0.008459275344999434
142.0	144.0	0.0060229131910149265
145.0	144.0	0.04063121663100463
144.0	144.0	0.03759656069773831
143.0	144.0	0.038990520242090876
146.0	145.0	0.0422774673576061
147.0	145.0	0.005189658790875039
145.0	145.0	0.03459781043681468
144.0	145.0	0.04198927061958233
143.0	145.0	0.007958926791618942
144.0	146.0	0.004942395428504654
145.0	146.0	0.040631216646754564
148.0	146.0	0.004922970621749285
146.0	146.0	0.032945720314187805
147.0	146.0	0.04087676963885804
145.0	147.0	0.008048713661798412
148.0	147.0	0.038674636501304954
147.0	147.0	0.040876769648957076
149.0	147.0	0.005175376722950342
146.0	147.0	0.032945720323794316
149.0	148.0	0.03867463654327576
148.0	148.0	0.040873292745339726
150.0	148.0	0.00517537672294611
147.0	148.0	0.03868507596190313
146.0	148.0	0.00949913033643575
148.0	149.0	0.038674636513038374
149.0	149.0	0.04086579498785378
150.0	149.0	0.04031300514359478
147.0	149.0	0.004930102738708873
151.0	149.0	0.004906377226177036
148.0	150.0	0.005182874511363599
149.0	150.0	0.03867463655690804
151.0	150.0	0.04250375949716667
152.0	150.0	0.004906377226174917
150.0	150.0	0.0392195442343286
152.0	151.0	0.04129918376342624
151.0	151.0	0.03801137555994071
153.0	151.0	0.004896749875285532
150.0	151.0	0.040763838049017884
149.0	151.0	0.005175376722950342
154.0	152.0	0.004896749875283037
150.0	152.0	0.00517537672294611
152.0	152.0	0.03965762634099454
151.0	152.0	0.04295459236392647
153.0	152.0	0.04020168324272283
154.0	153.0	0.040745499510808636
153.0	153.0	0.04020168324272265
155.0	153.0	0.011501194232969573
152.0	153.0	0.03965762634099434
151.0	153.0	0.005167090385241851
156.0	154.0	0.004874351134132651
152.0	154.0	0.0051579325657952904
154.0	154.0	0.0391919793091316
155.0	154.0	0.03976829638180658
153.0	154.0	0.04029466677003108
157.0	155.0	0.005124264460900316
156.0	155.0	0.036979766609957214
155.0	155.0	0.039768296409258615
153.0	155.0	0.004896749875285532
154.0	155.0	0.03919197933524478
158.0	156.0	0.009427597960988516
157.0	156.0	0.04027226828615325
156.0	156.0	0.04247329563583693
155.0	156.0	0.030994024725969932
154.0	156.0	0.004896749875283037
156.0	157.0	0.036979766641851916
155.0	157.0	0.013290873070927543
157.0	157.0	0.03916843239455112
158.0	157.0	0.03471260570007079
159.0	157.0	0.004846993249912167
159.0	158.0	0.04025227125693603
157.0	158.0	0.04027226832320961
160.0	158.0	0.004846993249911332
158.0	158.0	0.037463017174016094
156.0	158.0	0.005136626224136518
160.0	159.0	0.041883423492473024
159.0	159.0	0.0391474101307504
161.0	159.0	0.007452173712275929
158.0	159.0	0.03471260578628516
157.0	159.0	0.005124264460900316
158.0	160.0	0.009427597960988516
159.0	160.0	0.04025227135221765
160.0	160.0	0.037501159450709726
161.0	160.0	0.03888467394373435
162.0	160.0	0.009169083974135715
159.0	161.0	0.004846993249912167
160.0	161.0	0.04188342354775463
163.0	161.0	0.007317326802987079
161.0	161.0	0.036132787894810885
162.0	161.0	0.04032044736202371
163.0	162.0	0.04104454651328617
162.0	162.0	0.03430219761993088
164.0	162.0	0.0047941911507533115
161.0	162.0	0.03888467407235108
160.0	162.0	0.004846993249911332
161.0	163.0	0.007399670367493089
163.0	163.0	0.04104454659575664
164.0	163.0	0.03689960782284299
162.0	163.0	0.0343021976983792
165.0	163.0	0.005039994587288384
162.0	164.0	0.009639192962253554
163.0	164.0	0.03390085737441554
166.0	164.0	0.005017469986090994
164.0	164.0	0.042376665256588314
165.0	164.0	0.03852443288320164
167.0	165.0	0.004749085625123097
166.0	165.0	0.0418169346699431
165.0	165.0	0.04073041472806039
164.0	165.0	0.03689960791865999
163.0	165.0	0.008912875272707057
164.0	166.0	0.005039994587288696
168.0	166.0	0.004722915772148529
166.0	166.0	0.03741538878956838
167.0	166.0	0.040682997131312036
165.0	166.0	0.03852443299452512
165.0	167.0	0.004772765087319532
168.0	167.0	0.03847458438854562
167.0	167.0	0.04068299726728285
169.0	167.0	0.004965064841878065
166.0	167.0	0.03741538891890782
167.0	168.0	0.03850075410312454
166.0	168.0	0.004772765087318918
168.0	168.0	0.04068299756304483
170.0	168.0	0.004965064841877822
169.0	168.0	0.03847458495362194
170.0	169.0	0.041738164725651464
171.0	169.0	0.004662029681107123
169.0	169.0	0.04065548636936178
168.0	169.0	0.03847458454652117
167.0	169.0	0.004992576451906792
168.0	170.0	0.004992576451906392
169.0	170.0	0.038474585137163335
172.0	170.0	0.004662029681106832
170.0	170.0	0.03736298517790903
171.0	170.0	0.042271333007158254
169.0	171.0	0.0047229157721483655
172.0	171.0	0.038413700215380604
171.0	171.0	0.04227133323133622
173.0	171.0	0.004901057054194694
170.0	171.0	0.0373629853911537
173.0	172.0	0.03837837554050495
172.0	172.0	0.04059148018154176
174.0	172.0	0.010419065292617906
171.0	172.0	0.03676744920615004
170.0	172.0	0.004693993611710777
172.0	173.0	0.03841370047583824
173.0	173.0	0.04059148086797902
174.0	173.0	0.03357630053897348
171.0	173.0	0.004934659810564907
175.0	173.0	0.007659549154163605
172.0	174.0	0.004901057054194768
173.0	174.0	0.03837837584311355
175.0	174.0	0.03861205398868019
176.0	174.0	0.004544516448325986
174.0	174.0	0.03520351845022813
176.0	175.0	0.03886705457644026
175.0	175.0	0.035889337682869005
177.0	175.0	0.004544516448325761
174.0	175.0	0.03357630124301468
173.0	175.0	0.004901057054194694
178.0	176.0	0.012724477235467399
174.0	176.0	0.009489760833632344
177.0	176.0	0.038296194097099674
176.0	176.0	0.03886705557552228
175.0	176.0	0.035889338633225215
178.0	177.0	0.031085197930583244
179.0	177.0	0.004610759573961046
177.0	177.0	0.04046794939574597
176.0	177.0	0.039942444019857706
175.0	177.0	0.008126627088855616
176.0	178.0	0.004822877765775209
177.0	178.0	0.038296194737722083
180.0	178.0	0.004321522724256087
178.0	178.0	0.03665399676497729
179.0	178.0	0.03649131969811747
177.0	179.0	0.004777518789130327
180.0	179.0	0.03694102496470815
179.0	179.0	0.0419474437520705
181.0	179.0	0.004468307622731203
178.0	179.0	0.031085198638580495
181.0	180.0	0.039609995131688364
179.0	180.0	0.04194744457464595
178.0	180.0	0.011945270885490696
180.0	180.0	0.036941025829457956
182.0	180.0	0.004171767105305958
182.0	181.0	0.03960999721051202
183.0	181.0	0.004385658178620326
181.0	181.0	0.03855082238839026
180.0	181.0	0.041365708297417
179.0	181.0	0.004385890176050093
180.0	182.0	0.0045430919323426276
184.0	182.0	0.003988855179270385
182.0	182.0	0.038472205990640655
183.0	182.0	0.03783656993600311
181.0	182.0	0.039609996187896165
181.0	183.0	0.0042503856884627345
185.0	183.0	0.0039888551792702336
184.0	183.0	0.036692260212094076
183.0	183.0	0.040076101562014715
182.0	183.0	0.039609998377802144
183.0	184.0	0.04007610291821236
182.0	184.0	0.004468307622731211
184.0	184.0	0.03669226163782547
185.0	184.0	0.03664305372936051
186.0	184.0	0.0071725625284163146
186.0	185.0	0.03669571564194596
184.0	185.0	0.03669226321350232
187.0	185.0	0.003958504595551501
185.0	185.0	0.03664305547075276
183.0	185.0	0.004385658178620326
188.0	186.0	0.0038222386990345632
186.0	186.0	0.03383159740748097
187.0	186.0	0.04068003604040312
185.0	186.0	0.04098132363594091
184.0	186.0	0.003988855179270385
185.0	187.0	0.0039888551792702336
187.0	187.0	0.036356463971581876
188.0	187.0	0.037936290476689616
186.0	187.0	0.0366957176651551
189.0	187.0	0.003492573519556837
186.0	188.0	0.0071725625284163146
187.0	188.0	0.03635646632221552
190.0	188.0	0.003334255134867265
188.0	188.0	0.03793629294784284
189.0	188.0	0.04053679865102145
191.0	189.0	0.0031592862603117408
190.0	189.0	0.037000688638888175
189.0	189.0	0.0360696159902865
187.0	189.0	0.0036358259179869587
188.0	189.0	0.03896395765656367
192.0	190.0	0.003321266330643581
188.0	190.0	0.003635825917986978
190.0	190.0	0.03928099082688581
191.0	190.0	0.03700069554082456
189.0	190.0	0.040536801669294804
192.0	191.0	0.03562016306516573
191.0	191.0	0.03910602920813689
189.0	191.0	0.0036716415930784082
190.0	191.0	0.03700069214562152
193.0	191.0	0.0027522082826101826
190.0	192.0	0.0035052060512293128
194.0	192.0	0.0028933170187146967
193.0	192.0	0.03650397184494807
192.0	192.0	0.03562016734829952
191.0	192.0	0.03910603328237978
195.0	193.0	0.00251602500623955
194.0	193.0	0.036503982141426215
193.0	193.0	0.03880850242583537
192.0	193.0	0.040109275747849255
191.0	193.0	0.003505206051229351
193.0	194.0	0.036503977076379486
192.0	194.0	0.0029659157485844565
196.0	194.0	0.002370618548772012
194.0	194.0	0.03858384876816686
195.0	194.0	0.0361405609067611
193.0	195.0	0.003117981500773372
196.0	195.0	0.03326305196353562
195.0	195.0	0.03846281741673414
197.0	195.0	0.027381613393790406
194.0	195.0	0.03650398792305208
195.0	196.0	0.03846282413402505
197.0	196.0	0.027381613393790406
196.0	196.0	0.03326305902522939
198.0	196.0	0.003299546414813523
194.0	196.0	0.002752208282610085
196.0	197.0	0.03426249993093547
199.0	197.0	0.001295369091998568
197.0	197.0	0.027381613393790406
198.0	197.0	0.03333413205664028
195.0	197.0	0.00251602500623955
200.0	198.0	0.0009059687004628789
196.0	198.0	0.002370618548772012
198.0	198.0	0.02969766370505823
199.0	198.0	0.03750303528320369
197.0	198.0	0.027734227636658667
198.0	199.0	0.03333413205664028
197.0	199.0	0.027381613393790406
199.0	199.0	0.036046618206832304
200.0	199.0	0.040246786584961586
201.0	199.0	0.0009524187090179678
199.0	200.0	0.03705242042290657
201.0	200.0	0.03313005268972972
202.0	200.0	0.0
200.0	200.0	0.031914118082481666
198.0	200.0	0.0024674675166062193
203.0	201.0	0.005255609047829131
202.0	201.0	0.03704448421485178
201.0	201.0	0.033130066910234665
200.0	201.0	0.03191413094972664
199.0	201.0	0.0013617840855569521
204.0	202.0	0.005255842586850361
201.0	202.0	0.03774063900938593
200.0	202.0	0.0013617840855569717
202.0	202.0	0.03289823368996732
203.0	202.0	0.03974951672013409
205.0	203.0	0.005256018917932562
204.0	203.0	0.042297480747987753
203.0	203.0	0.041395767784300916
201.0	203.0	0.0004756147122503506
202.0	203.0	0.0370445007367214
206.0	204.0	0.00525642916518704
205.0	204.0	0.0433950569772871
204.0	204.0	0.042297500927844865
203.0	204.0	0.0413957869799748
202.0	204.0	0.0
204.0	205.0	0.041748751526674434
203.0	205.0	0.004999289969967293
205.0	205.0	0.04065130605769054
206.0	205.0	0.0417488692108567
207.0	205.0	0.0052567954272798355
207.0	206.0	0.04010267479218213
205.0	206.0	0.04339508162502023
208.0	206.0	0.005257071969465031
206.0	206.0	0.04229764694801546
204.0	206.0	0.004999512119155988
208.0	207.0	0.039005253070509824
207.0	207.0	0.04394395698121106
209.0	207.0	0.00906938664156288
206.0	207.0	0.04174889784743707
205.0	207.0	0.004999679850469887
206.0	208.0	0.005000070089729653
207.0	208.0	0.04394399025217072
208.0	208.0	0.03900528804730805
209.0	208.0	0.038750382421234034
210.0	208.0	0.0052585012105990075
207.0	209.0	0.0050004184890093655
208.0	209.0	0.045041577111154876
211.0	209.0	0.005258957151581666
209.0	209.0	0.04094542445322011
210.0	209.0	0.04010296608745785
211.0	210.0	0.040103059013312334
210.0	210.0	0.04394426321151513
212.0	210.0	0.0052597325284385234
209.0	210.0	0.038750425141991875
208.0	210.0	0.005000681544073085
209.0	211.0	0.009008748489945822
211.0	211.0	0.04394436090178013
212.0	211.0	0.04065193919130229
210.0	211.0	0.04010301330119702
213.0	211.0	0.009557498750297476
210.0	212.0	0.00500204108029437
211.0	212.0	0.04394441575631902
214.0	212.0	0.005262470298185122
212.0	212.0	0.04065199685829352
213.0	212.0	0.042043402627620984
215.0	213.0	0.009008748489946292
214.0	213.0	0.041749790059084024
213.0	213.0	0.037653468126848354
212.0	213.0	0.0433958078437276
211.0	213.0	0.005002474784772982
212.0	214.0	0.005003212346054245
216.0	214.0	0.005009701673397692
214.0	214.0	0.0422986150091413
215.0	214.0	0.03875119290343151
213.0	214.0	0.04204347306224314
213.0	215.0	0.008520636381211345
216.0	215.0	0.040652656945188784
215.0	215.0	0.04094627648972752
217.0	215.0	0.00906938664156316
214.0	215.0	0.04174986790138004
215.0	216.0	0.04094636692957257
214.0	216.0	0.005005816593194762
216.0	216.0	0.04065275202198386
218.0	216.0	0.009537800093891912
217.0	216.0	0.03875175616536326
219.0	217.0	0.008520636381211295
217.0	217.0	0.04094686863071665
218.0	217.0	0.040398235507140244
216.0	217.0	0.04339660172548875
215.0	217.0	0.009069386641563296
216.0	218.0	0.00526655457070963
218.0	218.0	0.03930085812894302
219.0	218.0	0.04259376960840479
217.0	218.0	0.03875187229242301
220.0	218.0	0.005286199290734353
217.0	219.0	0.00906938664156316
218.0	219.0	0.039300993049337526
221.0	219.0	0.00955749875029783
219.0	219.0	0.04259391871850106
220.0	219.0	0.04394691897611922
222.0	220.0	0.005301954067844661
221.0	220.0	0.03920041612862871
220.0	220.0	0.041101665972412216
218.0	220.0	0.010026813561721073
219.0	220.0	0.03810291560792524
223.0	221.0	0.008520636381211552
219.0	221.0	0.009557498750297483
221.0	221.0	0.04194416743038637
222.0	221.0	0.04110166597241186
220.0	221.0	0.04439416753452177
223.0	222.0	0.038102915607924906
222.0	222.0	0.04110166597241186
220.0	222.0	0.005470823580230831
221.0	222.0	0.04194416743038637
224.0	222.0	0.00506920873520176
225.0	223.0	0.028864367854351373
221.0	223.0	0.008520636381211661
224.0	223.0	0.0406575261887621
223.0	223.0	0.042597045093216004
222.0	223.0	0.04394869062991863
225.0	224.0	0.030252031589135846
224.0	224.0	0.04065787505372943
226.0	224.0	0.008107082100991491
223.0	224.0	0.04259737694383809
222.0	224.0	0.005301954067844661
223.0	225.0	0.008520636381211552
224.0	225.0	0.043401987420688556
225.0	225.0	0.027815160713270715
226.0	225.0	0.03868021270129669
227.0	225.0	0.009069386641562744
224.0	226.0	0.00506920873520176
228.0	226.0	0.008655832361342682
227.0	226.0	0.040416613890918066
226.0	226.0	0.03868133932992161
225.0	226.0	0.027815160713270715
226.0	227.0	0.03868771880033663
227.0	227.0	0.04042332044377557
228.0	227.0	0.044190648177280314
225.0	227.0	0.027815160713270715
229.0	227.0	0.009928181504256629
229.0	228.0	0.03656068783336298
227.0	228.0	0.039328454535380475
230.0	228.0	0.012408829364360644
228.0	228.0	0.037058777324518635
226.0	228.0	0.008107082100991491
231.0	229.0	0.010409662454702776
229.0	229.0	0.03601750280038926
230.0	229.0	0.03676872744258738
228.0	229.0	0.04419727422877502
227.0	229.0	0.009069386641562744
232.0	230.0	0.024213702553062818
228.0	230.0	0.0065214694715533435
229.0	230.0	0.036567708600588465
230.0	230.0	0.041716148896119826
231.0	230.0	0.03411579906816065
233.0	231.0	0.010745804418767787
232.0	231.0	0.033851130152584584
231.0	231.0	0.03412276705475241
229.0	231.0	0.010437210254999977
230.0	231.0	0.04172245379111642
231.0	232.0	0.03413127777279442
230.0	232.0	0.012408829364360644
232.0	232.0	0.03392465507343845
233.0	232.0	0.033261904960603
234.0	232.0	0.011162168305586893
235.0	233.0	0.012241492654431349
232.0	233.0	0.03406656188650157
231.0	233.0	0.010789799176915733
233.0	233.0	0.03332814394405478
234.0	233.0	0.037478488285895915
232.0	234.0	0.021891311035180425
233.0	234.0	0.033425217955533736
236.0	234.0	0.042054105467481014
235.0	234.0	0.03020416503516734
234.0	234.0	0.042042084496259485
235.0	235.0	0.03751914316077526
236.0	235.0	0.04165041623276334
237.0	235.0	0.017314716591869738
233.0	235.0	0.010745804418767787
234.0	235.0	0.03757468026594209
235.0	236.0	0.03020416503516734
234.0	236.0	0.012408829364360077
238.0	236.0	0.005
236.0	236.0	0.042054105467481014
237.0	236.0	0.04459000166626956
238.0	237.0	0.05
237.0	237.0	0.04639333444417962
235.0	237.0	0.011644468012704546
236.0	237.0	0.042054105467481014
239.0	237.0	0.005
237.0	238.0	0.05
236.0	238.0	0.011255582768426885
240.0	238.0	0.005
238.0	238.0	0.05
239.0	238.0	0.05
241.0	239.0	0.005
239.0	239.0	0.075
240.0	239.0	0.05
238.0	239.0	0.05
237.0	239.0	0.005
238.0	240.0	0.005
242.0	240.0	0.005
239.0	240.0	0.05
240.0	240.0	0.075
241.0	240.0	0.05
239.0	241.0	0.005
243.0	241.0	0.005
241.0	241.0	0.075
242.0	241.0	0.05
240.0	241.0	0.05
241.0	242.0	0.05
240.0	242.0	0.005
242.0	242.0	0.075
243.0	242.0	0.05
244.0	242.0	0.005
242.0	243.0	0.05
245.0	243.0	0.005
243.0	243.0	0.075
244.0	243.0	0.05
241.0	243.0	0.005
246.0	244.0	0.005
244.0	244.0	0.075
245.0	244.0	0.05
242.0	244.0	0.005
243.0	244.0	0.05
244.0	245.0	0.05
243.0	245.0	0.005
247.0	245.0	0.005
245.0	245.0	0.075
246.0	245.0	0.05
244.0	246.0	0.005
247.0	246.0	0.05
246.0	246.0	0.05
248.0	246.0	0.013582816107753746
245.0	246.0	0.05
248.0	247.0	0.05
246.0	247.0	0.05
245.0	247.0	0.005
247.0	247.0	0.05
249.0	247.0	0.008422478340146871
248.0	248.0	0.03200749685720903
249.0	248.0	0.0412974993621893
247.0	248.0	0.05
246.0	248.0	0.005
247.0	249.0	0.005
248.0	249.0	0.04188500159015488
249.0	249.0	0.04129749939837508
248.0	250.0	0.031166826250493315
249.0	250.0	0.0412974993621893
